1 0.879296875 0.54453125 0.025 0.1125
1 0.325 0.5375 0.020703125 0.1125
1 0.0875 0.51484375 0.0234375 0.1
1 0.95390625 0.4734375 0.02421875 0.08359375
1 0.6234375 0.48203125 0.020703125 0.06328125
1 0.575390625 0.47578125 0.019140625 0.0671875
1 0.596484375 0.4515625 0.01953125 0.05859375
1 0.991796875 0.4828125 0.016015625 0.08984375
1 0.46328125 0.48046875 0.01796875 0.075
1 0.7671875 0.4578125 0.02109375 0.08046875
1 0.696484375 0.46484375 0.020703125 0.08046875
1 0.4890625 0.471875 0.018359375 0.06328125
1 0.2375 0.48125 0.019921875 0.0765625
1 0.51953125 0.46328125 0.019140625 0.06640625
1 0.648046875 0.44921875 0.012890625 0.06484375
1 0.629296875 0.4546875 0.019140625 0.06875
1 0.82734375 0.4625 0.016796875 0.08828125