1 0.74453125 0.4609375 0.01796875 0.075
1 0.369140625 0.4859375 0.01953125 0.08125
1 0.77578125 0.59140625 0.030078125 0.15625
1 0.441015625 0.51015625 0.023046875 0.096875
1 0.5640625 0.46953125 0.0203125 0.06875
1 0.6578125 0.428125 0.018359375 0.06640625
1 0.81484375 0.5625 0.033203125 0.11640625
1 0.70390625 0.43828125 0.015234375 0.0546875
1 0.57890625 0.4171875 0.01484375 0.053125
1 0.40546875 0.428125 0.019140625 0.059375
1 0.437109375 0.4421875 0.015625 0.05859375
1 0.45 0.44453125 0.01875 0.0671875
1 0.56328125 0.42734375 0.016015625 0.05859375
0 0.590625 0.4 0.114453125 0.0890625