1 0.51171875 0.5796875 0.045703125 0.16171875
1 0.34453125 0.4515625 0.018359375 0.0703125
1 0.708984375 0.44609375 0.019140625 0.08046875
1 0.5203125 0.4390625 0.01875 0.0609375
1 0.430859375 0.44296875 0.016796875 0.0546875
1 0.672265625 0.4734375 0.025390625 0.08359375
1 0.572265625 0.425 0.0203125 0.06328125
1 0.48515625 0.48046875 0.021484375 0.09453125
1 0.64140625 0.44453125 0.020703125 0.07109375
1 0.79765625 0.428125 0.01484375 0.059375
1 0.855859375 0.4015625 0.018359375 0.0640625
1 0.812890625 0.40859375 0.01640625 0.059375
1 0.8640625 0.44140625 0.018359375 0.071875
1 0.12578125 0.56015625 0.02578125 0.14375
1 0.6859375 0.43125 0.020703125 0.07578125
1 0.692578125 0.4125 0.01796875 0.06484375
1 0.57109375 0.39453125 0.025 0.04921875
2 0.3453125 0.48046875 0.0109375 0.01953125
0 0.5453125 0.375 0.10546875 0.071875