1 0.89296875 0.5015625 0.018359375 0.0796875
1 0.578515625 0.7171875 0.053515625 0.12421875
1 0.415625 0.553125 0.02265625 0.10625
1 0.0609375 0.475 0.017578125 0.08203125
1 0.788671875 0.47734375 0.019140625 0.0765625
1 0.567578125 0.45 0.01953125 0.07578125
1 0.31640625 0.5078125 0.0171875 0.075
1 0.826953125 0.50546875 0.017578125 0.0828125
1 0.22265625 0.4359375 0.012109375 0.0734375
1 0.23125 0.46875 0.016015625 0.08046875
1 0.451171875 0.45625 0.025390625 0.07109375
1 0.491796875 0.4 0.015234375 0.053125
1 0.609765625 0.49375 0.023046875 0.09140625
1 0.925 0.43515625 0.01953125 0.0609375
1 0.573046875 0.4359375 0.02109375 0.06640625
2 0.5578125 0.521875 0.0125 0.028125