1 0.873046875 0.540625 0.021484375 0.109375
1 0.979296875 0.5640625 0.037109375 0.1171875
1 0.133984375 0.50859375 0.023828125 0.096875
1 0.98671875 0.46953125 0.01875 0.07109375
1 0.622265625 0.48515625 0.0171875 0.065625
1 0.57421875 0.478125 0.02265625 0.0703125
1 0.373828125 0.52421875 0.018359375 0.08828125
1 0.69609375 0.4640625 0.020703125 0.0796875
1 0.50390625 0.471875 0.0203125 0.0640625
1 0.25546875 0.47578125 0.01953125 0.08203125
1 0.602734375 0.46171875 0.01796875 0.07109375
1 0.462109375 0.48203125 0.018359375 0.07109375
1 0.81484375 0.45859375 0.019921875 0.07578125
1 0.762890625 0.4546875 0.01953125 0.06796875
1 0.646484375 0.453125 0.022265625 0.04765625
1 0.51484375 0.4578125 0.0171875 0.04921875
2 0.639453125 0.46953125 0.0078125 0.0203125