1 0.1375 0.54140625 0.032421875 0.109375
1 0.770703125 0.55078125 0.042578125 0.1390625
1 0.516015625 0.57734375 0.032421875 0.1265625
1 0.4859375 0.49453125 0.028125 0.084375
1 0.71953125 0.46484375 0.017578125 0.071875
1 0.6640625 0.45546875 0.01875 0.06796875
1 0.955859375 0.4671875 0.023046875 0.07890625
1 0.23203125 0.4546875 0.0265625 0.06015625
1 0.374609375 0.43671875 0.01640625 0.05546875
1 0.30078125 0.4265625 0.015234375 0.04296875
1 0.812890625 0.46171875 0.015234375 0.06484375
1 0.902734375 0.4828125 0.0203125 0.0890625
1 0.696875 0.440625 0.016015625 0.05390625
1 0.58828125 0.4359375 0.02578125 0.07109375
1 0.5 0.4125 0.020703125 0.0609375
1 0.315234375 0.4296875 0.015625 0.0625
1 0.68671875 0.42265625 0.01953125 0.06328125
0 0.156640625 0.41171875 0.140234375 0.0859375