1 0.772265625 0.4703125 0.01953125 0.08359375
1 0.33203125 0.4703125 0.020703125 0.0796875
1 0.948828125 0.4765625 0.02109375 0.0796875
1 0.5078125 0.61015625 0.051953125 0.171875
1 0.511328125 0.45859375 0.021484375 0.07421875
1 0.660546875 0.51796875 0.031640625 0.0484375
1 0.563671875 0.44765625 0.0203125 0.06640625
1 0.731640625 0.46171875 0.02109375 0.065625
1 0.85859375 0.45703125 0.01484375 0.065625
1 0.880078125 0.4390625 0.0171875 0.0515625
1 0.66171875 0.4953125 0.032421875 0.09609375
1 0.619140625 0.42109375 0.01796875 0.065625
1 0.428125 0.4640625 0.01953125 0.06484375
1 0.64296875 0.46953125 0.017578125 0.07890625
1 0.137109375 0.596875 0.028515625 0.1609375
1 0.48984375 0.5125 0.029296875 0.1125
1 0.73671875 0.43359375 0.02265625 0.08046875
1 0.94765625 0.43359375 0.019921875 0.05703125
2 0.33203125 0.50078125 0.012109375 0.0203125
0 0.609765625 0.40078125 0.128125 0.07578125