1 0.341796875 0.471875 0.02265625 0.07109375
1 0.959375 0.5265625 0.0265625 0.1234375
1 0.4203125 0.484375 0.021875 0.0859375
1 0.68515625 0.5484375 0.0328125 0.13515625
1 0.925 0.4359375 0.01484375 0.05625
1 0.553515625 0.41875 0.016015625 0.0578125
1 0.373046875 0.43359375 0.01953125 0.075
1 0.694921875 0.446875 0.016796875 0.0671875
1 0.6625 0.42734375 0.0140625 0.04609375
1 0.426171875 0.4421875 0.023828125 0.084375
1 0.440625 0.43125 0.02734375 0.08046875
1 0.635546875 0.415625 0.018359375 0.08046875
1 0.558984375 0.40703125 0.013671875 0.0640625
2 0.368359375 0.46640625 0.01171875 0.0171875
0 0.562109375 0.38984375 0.109375 0.06484375