1 0.84609375 0.484375 0.021484375 0.1078125
1 0.376953125 0.4546875 0.025 0.0796875
1 0.28671875 0.44921875 0.0265625 0.0640625
1 0.60078125 0.503125 0.027734375 0.11640625
1 0.655078125 0.42890625 0.01796875 0.071875
1 0.578125 0.46640625 0.01796875 0.08515625
1 0.43046875 0.41015625 0.01484375 0.053125
1 0.3703125 0.40078125 0.01796875 0.065625
1 0.3171875 0.43203125 0.01875 0.05234375
1 0.867578125 0.409375 0.01484375 0.05
1 0.519921875 0.4015625 0.01640625 0.0640625
1 0.365625 0.39140625 0.018359375 0.0640625
1 0.632421875 0.40625 0.015234375 0.05703125
1 0.6375 0.39921875 0.01640625 0.06640625
1 0.3484375 0.42109375 0.0203125 0.07578125
1 0.534375 0.37890625 0.01875 0.0578125
1 0.619140625 0.39453125 0.01953125 0.0703125