1 0.853125 0.4609375 0.019140625 0.07421875
1 0.655859375 0.53125 0.03984375 0.1109375
1 0.80625 0.46796875 0.01875 0.07890625
1 0.4421875 0.478125 0.0171875 0.08359375
1 0.541796875 0.54140625 0.0328125 0.10625
1 0.308203125 0.425 0.01640625 0.05
1 0.1578125 0.53671875 0.0328125 0.11015625
1 0.5625 0.44609375 0.017578125 0.0625
1 0.72109375 0.45 0.01640625 0.0625
1 0.1875 0.45 0.019921875 0.0625
1 0.63046875 0.45234375 0.0203125 0.07578125
1 0.261328125 0.41953125 0.01953125 0.04609375
1 0.45546875 0.409375 0.01875 0.0578125
1 0.992578125 0.43671875 0.014453125 0.05546875
1 0.9390625 0.43125 0.0171875 0.06328125
1 0.622265625 0.43046875 0.01640625 0.065625
1 0.326953125 0.43515625 0.023046875 0.07421875
1 0.512109375 0.42890625 0.017578125 0.071875
0 0.1625 0.40390625 0.126953125 0.075