1 0.796875 0.47265625 0.021875 0.08203125
1 0.483984375 0.62265625 0.04375 0.171875
1 0.509375 0.46875 0.019921875 0.0875
1 0.32265625 0.471875 0.01953125 0.07109375
1 0.63203125 0.49453125 0.022265625 0.11796875
1 0.407421875 0.46640625 0.019140625 0.06953125
1 0.9046875 0.44375 0.0203125 0.0609375
1 0.994921875 0.43984375 0.01015625 0.06328125
1 0.483984375 0.5109375 0.022265625 0.09453125
1 0.546484375 0.45234375 0.021875 0.084375
1 0.65546875 0.4265625 0.020703125 0.0609375
1 0.889453125 0.46875 0.020703125 0.06875
1 0.749609375 0.46171875 0.0203125 0.07578125
1 0.7609375 0.44375 0.01953125 0.08125
2 0.326171875 0.49765625 0.010546875 0.02578125
0 0.660546875 0.409375 0.14140625 0.09296875