1 0.219140625 0.45546875 0.036328125 0.0609375
1 0.25625 0.43984375 0.019921875 0.0703125
1 0.01015625 0.490625 0.0203125 0.103125
1 0.142578125 0.41640625 0.027734375 0.0578125
1 0.61953125 0.3828125 0.019921875 0.05390625
1 0.603515625 0.46171875 0.021484375 0.090625
1 0.98828125 0.5484375 0.023046875 0.1453125
1 0.07890625 0.42265625 0.01796875 0.05546875
1 0.05703125 0.40546875 0.02109375 0.05625
1 0.46796875 0.42421875 0.01796875 0.0671875
1 0.63359375 0.684375 0.0453125 0.19453125
1 0.48515625 0.43203125 0.01796875 0.06484375
1 0.661328125 0.41328125 0.021484375 0.0640625
1 0.378515625 0.3984375 0.020703125 0.05859375
1 0.5484375 0.4328125 0.024609375 0.0875
1 0.358203125 0.49140625 0.03828125 0.11875
1 0.54375 0.3859375 0.020703125 0.04921875
1 0.683984375 0.5015625 0.040234375 0.12265625
1 0.862890625 0.3953125 0.020703125 0.06875
1 0.9859375 0.4328125 0.027734375 0.08359375
2 0.196875 0.48046875 0.012109375 0.028125