1 0.4328125 0.55703125 0.021875 0.10546875
1 0.84375 0.50546875 0.01796875 0.0875
1 0.925390625 0.50234375 0.019140625 0.08515625
1 0.819921875 0.48125 0.017578125 0.0859375
1 0.5984375 0.728125 0.051953125 0.11953125
1 0.08359375 0.47734375 0.015234375 0.08359375
1 0.585546875 0.44921875 0.019140625 0.0765625
1 0.939453125 0.43984375 0.01953125 0.078125
1 0.23515625 0.43203125 0.014453125 0.0546875
1 0.251953125 0.465625 0.01953125 0.08984375
1 0.3296875 0.50546875 0.02265625 0.09375
1 0.475390625 0.459375 0.026953125 0.0765625
1 0.508984375 0.39765625 0.01328125 0.05390625
1 0.6296875 0.49453125 0.024609375 0.09921875
1 0.594140625 0.43828125 0.01875 0.07578125
2 0.57890625 0.525 0.010546875 0.02578125