1 0.825390625 0.55546875 0.03984375 0.11328125
1 0.466015625 0.52890625 0.023046875 0.09765625
1 0.20703125 0.51171875 0.0203125 0.0875
1 0.8078125 0.47421875 0.02578125 0.0953125
1 0.533984375 0.4640625 0.0203125 0.06953125
1 0.28046875 0.48359375 0.022265625 0.084375
1 0.651953125 0.5015625 0.019140625 0.0734375
1 0.682421875 0.4703125 0.01953125 0.065625
1 0.753515625 0.46328125 0.01953125 0.0828125
1 0.630078125 0.4609375 0.01796875 0.0578125
1 0.562890625 0.4875 0.025390625 0.06953125
1 0.505078125 0.4703125 0.016796875 0.06484375
1 0.600390625 0.45625 0.017578125 0.0609375
1 0.8 0.553125 0.03359375 0.1140625
1 0.5390625 0.45546875 0.01171875 0.05546875
1 0.458984375 0.4671875 0.009765625 0.0609375
1 0.475390625 0.4828125 0.017578125 0.065625