1 0.478515625 0.50703125 0.021484375 0.08828125
1 0.4609375 0.60546875 0.03203125 0.16484375
1 0.319140625 0.465625 0.019140625 0.08203125
1 0.61328125 0.4859375 0.0265625 0.08046875
1 0.782421875 0.4671875 0.023828125 0.08203125
1 0.6421875 0.503125 0.0203125 0.09765625
1 0.891015625 0.46953125 0.021484375 0.07265625
1 0.758984375 0.46796875 0.022265625 0.07890625
1 0.533984375 0.45625 0.022265625 0.0765625
1 0.509375 0.4796875 0.020703125 0.07421875
1 0.401953125 0.46640625 0.030078125 0.07578125
1 0.68125 0.43125 0.01328125 0.06640625
1 0.766796875 0.4390625 0.018359375 0.08203125
1 0.911328125 0.4453125 0.0234375 0.08046875
2 0.325 0.4984375 0.012890625 0.0234375
0 0.69921875 0.4140625 0.144140625 0.109375