1 0.6390625 0.49140625 0.04296875 0.09140625
1 0.768359375 0.4421875 0.01875 0.071875
1 0.4515625 0.4546875 0.023046875 0.078125
1 0.297265625 0.50078125 0.02578125 0.0984375
1 0.82578125 0.44921875 0.02109375 0.07421875
1 0.535546875 0.43515625 0.01796875 0.06171875
1 0.692578125 0.4796875 0.0265625 0.1
1 0.602734375 0.434375 0.018359375 0.06953125
1 0.494140625 0.41171875 0.011328125 0.0375
1 0.24765625 0.425 0.020703125 0.05859375
1 0.70234375 0.440625 0.026953125 0.08046875
1 0.898828125 0.41171875 0.021875 0.05546875
1 0.959765625 0.4203125 0.02890625 0.07265625
1 0.34453125 0.42265625 0.024609375 0.06796875
1 0.36640625 0.4 0.019140625 0.05859375
1 0.458984375 0.39453125 0.025 0.0625
1 0.607421875 0.4015625 0.014453125 0.0625
1 0.617578125 0.396875 0.016015625 0.071875
2 0.61484375 0.46484375 0.0109375 0.021875
0 0.192578125 0.38359375 0.116015625 0.0703125