1 0.765234375 0.45078125 0.021484375 0.0953125
1 0.3234375 0.43125 0.02578125 0.0609375
1 0.42109375 0.403125 0.01328125 0.04765625
1 0.819921875 0.39140625 0.012890625 0.046875
1 0.529296875 0.4765625 0.022265625 0.10078125
1 0.29765625 0.41953125 0.017578125 0.05625
1 0.3953125 0.41015625 0.015625 0.053125
1 0.604296875 0.41484375 0.0203125 0.06328125
1 0.540625 0.43046875 0.016796875 0.06328125
1 0.273828125 0.42265625 0.0203125 0.0671875
1 0.371875 0.38671875 0.016796875 0.05625
1 0.484765625 0.3859375 0.021875 0.06875
1 0.519921875 0.3609375 0.0140625 0.059375
1 0.6171875 0.37890625 0.026171875 0.06875
2 0.366796875 0.42265625 0.0109375 0.01953125
0 0.511328125 0.34609375 0.098046875 0.0625