1 0.6203125 0.41328125 0.018359375 0.0703125
1 0.795703125 0.4109375 0.01796875 0.065625
1 0.846875 0.4265625 0.01875 0.0765625
1 0.6828125 0.45078125 0.034765625 0.075
1 0.7171875 0.43984375 0.01796875 0.0796875
1 0.548828125 0.41328125 0.02109375 0.06875
1 0.533984375 0.43515625 0.02421875 0.0609375
1 0.69453125 0.41640625 0.019140625 0.0640625
1 0.429296875 0.39296875 0.0140625 0.05078125
1 0.440625 0.44453125 0.01953125 0.078125
1 0.35625 0.396875 0.015234375 0.05859375
1 0.64296875 0.38203125 0.016796875 0.0625
1 0.983984375 0.39140625 0.01796875 0.059375
1 0.502734375 0.36484375 0.0171875 0.05859375
1 0.30546875 0.36875 0.015234375 0.0484375
1 0.934765625 0.390625 0.01953125 0.06171875
1 0.448828125 0.37265625 0.016796875 0.053125
1 0.540625 0.38046875 0.014453125 0.04921875
1 0.6453125 0.36484375 0.013671875 0.0515625
2 0.535546875 0.4515625 0.0109375 0.021875
0 0.2609375 0.35234375 0.103515625 0.06484375