1 0.6640625 0.7265625 0.060546875 0.11875
1 0.68203125 0.5 0.030859375 0.07890625
1 0.910546875 0.5125 0.021484375 0.08203125
1 0.02421875 0.54765625 0.02265625 0.1046875
1 0.874609375 0.48828125 0.021484375 0.08046875
1 0.6453125 0.45234375 0.019140625 0.07578125
1 0.117578125 0.4703125 0.018359375 0.08046875
1 0.50390625 0.5578125 0.022265625 0.10546875
1 0.3875 0.50859375 0.017578125 0.0765625
1 0.291796875 0.4453125 0.023046875 0.0609375
1 0.309765625 0.471875 0.012109375 0.09765625
1 0.544140625 0.45390625 0.021484375 0.06171875
1 0.55625 0.4 0.012109375 0.046875
1 0.985546875 0.5125 0.02890625 0.08125
1 0.992578125 0.4359375 0.014453125 0.08203125
2 0.63515625 0.528125 0.013671875 0.0328125