1 0.715234375 0.55859375 0.033203125 0.11640625
1 0.789453125 0.55859375 0.037109375 0.11328125
1 0.221875 0.50859375 0.01953125 0.08515625
1 0.678515625 0.47421875 0.021484375 0.078125
1 0.65 0.51015625 0.02578125 0.06875
1 0.514453125 0.5359375 0.023046875 0.0953125
1 0.29921875 0.48359375 0.023046875 0.07734375
1 0.45703125 0.48515625 0.021875 0.07109375
1 0.7984375 0.47578125 0.026171875 0.09609375
1 0.746484375 0.4671875 0.022265625 0.0875
1 0.559375 0.4921875 0.021484375 0.07109375
1 0.43203125 0.475 0.0203125 0.0734375
1 0.483984375 0.4734375 0.0140625 0.06171875
1 0.498046875 0.475 0.016796875 0.071875
1 0.526171875 0.48046875 0.01484375 0.071875
1 0.601171875 0.46328125 0.0171875 0.06015625
1 0.63359375 0.465625 0.0234375 0.06484375