1 0.635546875 0.5 0.02109375 0.0984375
1 0.747265625 0.44453125 0.018359375 0.07265625
1 0.422265625 0.578125 0.036328125 0.153125
1 0.587890625 0.4828125 0.0234375 0.0828125
1 0.3109375 0.47109375 0.02109375 0.071875
1 0.356640625 0.4734375 0.02265625 0.0640625
1 0.726953125 0.4640625 0.022265625 0.0765625
1 0.497265625 0.471875 0.019921875 0.07890625
1 0.9703125 0.4546875 0.01875 0.065625
1 0.68046875 0.434375 0.016015625 0.05859375
1 0.8734375 0.44375 0.017578125 0.06953125
1 0.509765625 0.45546875 0.021875 0.084375
1 0.85078125 0.46875 0.01875 0.0640625
1 0.428125 0.4921875 0.0359375 0.1
2 0.3109375 0.49921875 0.009765625 0.028125
0 0.701953125 0.40859375 0.145703125 0.0984375