1 0.941796875 0.5171875 0.035546875 0.140625
1 0.627734375 0.43515625 0.023828125 0.07421875
1 0.21328125 0.434375 0.019140625 0.0703125
1 0.651171875 0.3890625 0.0125 0.040625
1 0.46640625 0.45859375 0.026171875 0.11171875
1 0.28203125 0.41484375 0.01484375 0.05078125
1 0.261328125 0.421875 0.016796875 0.06171875
1 0.8890625 0.52109375 0.034375 0.14140625
1 0.36484375 0.38828125 0.017578125 0.05078125
1 0.33515625 0.39921875 0.021484375 0.059375
1 0.522265625 0.38515625 0.021484375 0.05625
1 0.39453125 0.4171875 0.016015625 0.0578125
1 0.808203125 0.37421875 0.02265625 0.07265625
1 0.890625 0.41953125 0.028515625 0.09296875
1 0.472265625 0.41640625 0.035546875 0.06875
1 0.41953125 0.42734375 0.0265625 0.09453125
2 0.53515625 0.4359375 0.009375 0.01953125
0 0.39375 0.3484375 0.1 0.06015625