1 0.616015625 0.5609375 0.023828125 0.0984375
1 0.677734375 0.7125 0.05703125 0.13359375
1 0.11484375 0.53984375 0.0234375 0.10390625
1 0.387109375 0.46171875 0.018359375 0.07890625
1 0.19453125 0.4671875 0.021484375 0.07734375
1 0.467578125 0.5015625 0.016796875 0.0734375
1 0.376953125 0.43125 0.015234375 0.05234375
1 0.61875 0.39921875 0.0125 0.05703125
1 0.66640625 0.46796875 0.025 0.06640625
1 0.627734375 0.45625 0.021484375 0.07109375
1 0.69609375 0.4421875 0.0265625 0.059375
1 0.700390625 0.50234375 0.027734375 0.08359375
1 0.924609375 0.48515625 0.02578125 0.1046875
1 0.965625 0.51484375 0.041015625 0.08203125