1 0.790234375 0.44296875 0.02109375 0.09765625
1 0.91796875 0.43125 0.02109375 0.08671875
1 0.4546875 0.390625 0.01484375 0.05546875
1 0.891796875 0.4078125 0.016015625 0.0578125
1 0.5140625 0.3890625 0.0171875 0.053125
1 0.549609375 0.42890625 0.02890625 0.0625
1 0.703125 0.43984375 0.021484375 0.0828125
1 0.665625 0.41171875 0.0203125 0.06484375
1 0.577734375 0.4203125 0.015234375 0.06015625
1 0.621875 0.38203125 0.0171875 0.05625
1 0.545703125 0.365625 0.018359375 0.05546875
1 0.574609375 0.3625 0.02421875 0.05859375
1 0.708203125 0.38203125 0.0234375 0.06015625
1 0.68671875 0.41328125 0.01953125 0.08515625
2 0.49140625 0.42734375 0.012109375 0.02109375
0 0.348828125 0.34609375 0.10625 0.065625