1 0.6296875 0.503125 0.021484375 0.0953125
1 0.396875 0.56484375 0.03046875 0.1453125
1 0.576953125 0.48984375 0.01953125 0.07109375
1 0.7 0.4640625 0.020703125 0.084375
1 0.934375 0.453125 0.022265625 0.0671875
1 0.856640625 0.459375 0.020703125 0.07734375
1 0.505078125 0.4765625 0.020703125 0.07421875
1 0.328515625 0.4734375 0.02734375 0.0625
1 0.378125 0.49609375 0.026953125 0.0984375
1 0.148046875 0.65 0.0328125 0.18984375
1 0.378125 0.46640625 0.0296875 0.08125
1 0.5109375 0.45546875 0.030078125 0.078125
1 0.691796875 0.425 0.01875 0.0578125
1 0.726953125 0.46796875 0.016796875 0.08359375
1 0.733984375 0.44140625 0.019921875 0.07734375
1 0.864453125 0.44140625 0.015234375 0.0765625
2 0.50703125 0.50390625 0.01171875 0.01796875
0 0.709375 0.41796875 0.151953125 0.0984375