1 0.554296875 0.53515625 0.025390625 0.10078125
1 0.748828125 0.5640625 0.0421875 0.1125
1 0.21796875 0.50546875 0.020703125 0.078125
1 0.3546875 0.47578125 0.01796875 0.0515625
1 0.625390625 0.55703125 0.030859375 0.12578125
1 0.42890625 0.48515625 0.0171875 0.059375
1 0.671875 0.47265625 0.018359375 0.065625
1 0.45859375 0.4765625 0.01640625 0.059375
1 0.4859375 0.48203125 0.01875 0.0890625
1 0.498828125 0.48984375 0.012890625 0.08984375
1 0.40234375 0.47578125 0.0078125 0.05859375
1 0.417578125 0.47421875 0.01484375 0.06484375
1 0.58515625 0.4625 0.021875 0.0640625
1 0.553125 0.4890625 0.0203125 0.08046875
1 0.626171875 0.4625 0.01796875 0.0640625
1 0.621875 0.5046875 0.016796875 0.09296875
1 0.74453125 0.4703125 0.017578125 0.084375
1 0.78828125 0.47734375 0.024609375 0.09375