1 0.68125 0.4625 0.022265625 0.071875
1 0.799609375 0.50546875 0.02265625 0.103125
1 0.530078125 0.4734375 0.020703125 0.08203125
1 0.562109375 0.471875 0.01796875 0.0765625
1 0.488671875 0.47578125 0.020703125 0.0859375
1 0.7140625 0.4921875 0.030859375 0.0875
1 0.42890625 0.478125 0.019140625 0.08359375
1 0.820703125 0.4265625 0.01796875 0.06171875
1 0.399609375 0.48046875 0.019921875 0.08984375
1 0.8015625 0.45078125 0.017578125 0.04609375
2 0.512890625 0.50859375 0.015234375 0.02890625
0 0.98359375 0.4109375 0.0328125 0.090625