1 0.71328125 0.56171875 0.03125 0.11484375
1 0.5546875 0.55078125 0.022265625 0.0984375
1 0.585546875 0.5375 0.02265625 0.09921875
1 0.66015625 0.4796875 0.0203125 0.0765625
1 0.344921875 0.47265625 0.01953125 0.071875
1 0.2140625 0.50390625 0.01875 0.07734375
1 0.502734375 0.47578125 0.019921875 0.07578125
1 0.732421875 0.47421875 0.020703125 0.06953125
1 0.567578125 0.4625 0.021875 0.0671875
1 0.48359375 0.49375 0.017578125 0.0640625
1 0.775390625 0.4859375 0.01953125 0.05703125
1 0.54453125 0.48203125 0.02109375 0.07578125
1 0.60390625 0.50703125 0.025 0.09921875
1 0.390625 0.471875 0.0203125 0.06640625
1 0.413671875 0.4859375 0.0171875 0.0796875
1 0.430078125 0.47578125 0.01875 0.0703125