1 0.48046875 0.50078125 0.03828125 0.109375
1 0.880078125 0.45234375 0.01875 0.084375
1 0.90703125 0.5671875 0.042578125 0.1515625
1 0.593359375 0.44296875 0.021875 0.0640625
1 0.946484375 0.5546875 0.032421875 0.15
1 0.399609375 0.44375 0.01953125 0.07421875
1 0.526171875 0.4421875 0.021875 0.075
1 0.286328125 0.4359375 0.021875 0.06484375
1 0.209375 0.4609375 0.031640625 0.103125
1 0.301171875 0.4296875 0.01875 0.0625
1 0.966015625 0.4375 0.019140625 0.059375
1 0.338671875 0.41796875 0.018359375 0.065625
1 0.510546875 0.4078125 0.0203125 0.0546875
1 0.36484375 0.4171875 0.02109375 0.071875
1 0.373828125 0.3875 0.014453125 0.04921875
1 0.6046875 0.43828125 0.017578125 0.065625
1 0.765234375 0.39375 0.02421875 0.05859375
1 0.218359375 0.44296875 0.022265625 0.08203125
2 0.5859375 0.4640625 0.01171875 0.025
0 0.3390625 0.3734375 0.107421875 0.06171875