1 0.841796875 0.46328125 0.031640625 0.11015625
1 0.613671875 0.40390625 0.019921875 0.06875
1 0.98125 0.43984375 0.021875 0.08984375
1 0.6765625 0.421875 0.021484375 0.07421875
1 0.721484375 0.44765625 0.03046875 0.0875
1 0.76640625 0.3875 0.019140625 0.05703125
1 0.496484375 0.42421875 0.021875 0.06953125
1 0.68359375 0.38828125 0.015625 0.05859375
1 0.544921875 0.4171875 0.016796875 0.059375
1 0.5546875 0.40078125 0.0171875 0.06875
1 0.504296875 0.39765625 0.01953125 0.0640625
1 0.6375 0.3640625 0.0171875 0.05703125
1 0.7078125 0.41015625 0.019140625 0.06640625
1 0.4640625 0.3625 0.01484375 0.046875
1 0.62109375 0.37109375 0.0171875 0.05859375
1 0.770703125 0.36796875 0.01640625 0.05078125
0 0.4203125 0.34375 0.091015625 0.0625