1 0.573828125 0.65625 0.046875 0.1421875
1 0.198046875 0.52578125 0.020703125 0.10234375
1 0.75390625 0.55546875 0.026171875 0.11171875
1 0.010546875 0.6625 0.02109375 0.125
1 0.283203125 0.4609375 0.0171875 0.0796875
1 0.465234375 0.41640625 0.015625 0.05546875
1 0.476953125 0.4640625 0.0140625 0.0828125
1 0.548046875 0.49609375 0.022265625 0.0796875
1 0.63046875 0.46015625 0.019921875 0.07109375
1 0.687890625 0.39609375 0.018359375 0.0421875
1 0.7046875 0.44375 0.031640625 0.0625
1 0.69375 0.45625 0.02578125 0.0703125
1 0.802734375 0.48984375 0.023046875 0.09453125
1 0.940625 0.47578125 0.035546875 0.07109375
1 0.93203125 0.5140625 0.025 0.0953125
2 0.3328125 0.48984375 0.012109375 0.0203125