1 0.516796875 0.5421875 0.0390625 0.12578125
1 0.304296875 0.4671875 0.019140625 0.07578125
1 0.22734375 0.528125 0.023046875 0.10234375
1 0.278515625 0.46015625 0.019921875 0.06953125
1 0.382421875 0.46796875 0.019140625 0.07265625
1 0.508203125 0.4515625 0.020703125 0.05703125
1 0.967578125 0.60234375 0.0421875 0.165625
1 0.912890625 0.48515625 0.02578125 0.09609375
1 0.17578125 0.47734375 0.0203125 0.08203125
1 0.43984375 0.4703125 0.0203125 0.075
1 0.576171875 0.475 0.014453125 0.0625
1 0.605859375 0.47734375 0.024609375 0.0765625
1 0.42265625 0.44609375 0.016015625 0.06171875
1 0.53203125 0.440625 0.018359375 0.0609375
1 0.62109375 0.45390625 0.016796875 0.06640625
1 0.33125 0.44609375 0.021484375 0.08515625
1 0.74609375 0.42265625 0.016015625 0.05546875
1 0.919921875 0.45546875 0.0234375 0.06953125
1 0.991015625 0.59140625 0.017578125 0.17109375
1 0.33828125 0.41484375 0.01640625 0.04765625
0 0.290234375 0.40078125 0.121875 0.0796875