1 0.43671875 0.5546875 0.035546875 0.125
1 0.631640625 0.503125 0.021484375 0.09453125
1 0.94296875 0.48359375 0.020703125 0.08046875
1 0.380078125 0.50625 0.02578125 0.1
1 0.5734375 0.46796875 0.012890625 0.0703125
1 0.479296875 0.4640625 0.01875 0.06953125
1 0.769921875 0.47578125 0.019140625 0.07734375
1 0.68359375 0.45 0.019140625 0.075
1 0.789453125 0.45390625 0.01953125 0.07265625
1 0.70390625 0.471875 0.02109375 0.075
1 0.8375 0.4734375 0.01875 0.07109375
1 0.435546875 0.4625 0.01875 0.075
1 0.599609375 0.46171875 0.022265625 0.07578125
1 0.665234375 0.44296875 0.02109375 0.0515625
1 0.5625 0.4625 0.016015625 0.07265625
2 0.558203125 0.490625 0.012109375 0.0265625
0 0.68125 0.4203125 0.145703125 0.09140625