1 0.448828125 0.4171875 0.018359375 0.06484375
1 0.5015625 0.41171875 0.021875 0.05859375
1 0.622265625 0.40234375 0.01484375 0.0640625
1 0.64765625 0.4234375 0.015625 0.06953125
1 0.73046875 0.4203125 0.021484375 0.0703125
1 0.80625 0.490625 0.02265625 0.11484375
1 0.030078125 0.51015625 0.0375 0.128125
1 0.709375 0.38828125 0.015234375 0.05390625
1 0.70390625 0.4578125 0.021875 0.0890625
1 0.656640625 0.375 0.01953125 0.06171875
1 0.7890625 0.3890625 0.019140625 0.05078125
1 0.5734375 0.39296875 0.015234375 0.053125
1 0.50703125 0.359375 0.014453125 0.0484375
1 0.50625 0.39296875 0.020703125 0.0671875
1 0.798046875 0.375 0.023046875 0.06015625
1 0.6484375 0.37265625 0.013671875 0.05546875
2 0.447265625 0.44453125 0.009375 0.021875
0 0.476171875 0.35234375 0.0921875 0.06328125