1 0.459765625 0.4765625 0.02421875 0.08359375
1 0.32265625 0.490625 0.020703125 0.0953125
1 0.41171875 0.4796875 0.0203125 0.09375
1 0.757421875 0.4671875 0.0203125 0.08125
1 0.771875 0.5140625 0.025 0.103125
1 0.36171875 0.48671875 0.01875 0.0859375
1 0.905078125 0.521875 0.033984375 0.11171875
1 0.59609375 0.49609375 0.029296875 0.096875
1 0.657421875 0.46328125 0.026171875 0.07265625
1 0.491796875 0.471875 0.016796875 0.08125
1 0.928125 0.440625 0.028125 0.0671875
2 0.70078125 0.490625 0.01171875 0.025
2 0.86953125 0.44296875 0.013671875 0.0296875
2 0.470703125 0.51015625 0.012109375 0.0234375
0 0.947265625 0.41953125 0.105078125 0.109375