1 0.469921875 0.56015625 0.023046875 0.11328125
1 0.255078125 0.47890625 0.019921875 0.08828125
1 0.821484375 0.5421875 0.021875 0.096875
1 0.059375 0.61953125 0.02421875 0.11875
1 0.36796875 0.42890625 0.01953125 0.084375
1 0.52421875 0.38671875 0.01484375 0.05859375
1 0.54296875 0.440625 0.0234375 0.0796875
1 0.55859375 0.42109375 0.023828125 0.06484375
1 0.606640625 0.47265625 0.021484375 0.09140625
1 0.66875 0.4046875 0.02265625 0.05546875
1 0.724609375 0.3703125 0.01171875 0.0453125
1 0.70390625 0.4234375 0.01953125 0.065625
1 0.833203125 0.47578125 0.026171875 0.08671875
1 0.8546875 0.44609375 0.0171875 0.090625
1 0.8765625 0.45234375 0.02734375 0.09453125
2 0.37109375 0.4609375 0.009765625 0.02421875
0 0.01328125 0.37265625 0.0265625 0.0921875
1 0.025390625 0.39453125 0.01953125 0.06640625