1 0.46015625 0.41875 0.015625 0.06796875
1 0.7140625 0.50703125 0.031640625 0.1234375
1 0.726171875 0.4296875 0.02734375 0.08359375
1 0.7796875 0.3953125 0.01484375 0.05078125
1 0.656640625 0.4671875 0.028125 0.090625
1 0.611328125 0.42421875 0.016015625 0.0734375
1 0.641796875 0.3859375 0.0203125 0.06875
1 0.569140625 0.403125 0.015625 0.05078125
1 0.4765625 0.4203125 0.01953125 0.06953125
1 0.494140625 0.4046875 0.017578125 0.06484375
1 0.516796875 0.37421875 0.01875 0.05234375
1 0.67109375 0.38828125 0.01484375 0.0578125
1 0.717578125 0.39609375 0.01640625 0.06328125
1 0.780859375 0.38046875 0.017578125 0.04609375
1 0.610546875 0.3984375 0.019140625 0.06796875
2 0.4671875 0.4484375 0.00546875 0.0140625
0 0.497265625 0.36171875 0.094140625 0.06875