1 0.828125 0.40078125 0.021875 0.0578125
1 0.40859375 0.4546875 0.020703125 0.084375
1 0.11484375 0.5328125 0.030078125 0.10625
1 0.294921875 0.4171875 0.0203125 0.08125
1 0.752734375 0.47578125 0.0234375 0.07734375
1 0.3890625 0.38671875 0.01875 0.0609375
1 0.45390625 0.3734375 0.015625 0.04765625
1 0.707421875 0.38984375 0.016015625 0.06328125
1 0.098046875 0.340625 0.019921875 0.065625
1 0.50546875 0.375 0.024609375 0.07109375
1 0.50703125 0.325 0.01640625 0.059375
1 0.5828125 0.346875 0.013671875 0.04765625
1 0.580859375 0.4140625 0.01875 0.0625
1 0.672265625 0.41328125 0.018359375 0.06796875
1 0.65234375 0.371875 0.020703125 0.06484375
1 0.68203125 0.3203125 0.0109375 0.03828125
1 0.859765625 0.39296875 0.02265625 0.075
1 0.974609375 0.35234375 0.01796875 0.05390625
0 0.047265625 0.3234375 0.09453125 0.08046875