1 0.45078125 0.54609375 0.036328125 0.12421875
1 0.34921875 0.5109375 0.026953125 0.09453125
1 0.72890625 0.4828125 0.0203125 0.0796875
1 0.615625 0.50234375 0.02890625 0.09140625
1 0.841015625 0.47734375 0.019140625 0.075
1 0.642578125 0.46640625 0.0234375 0.08125
1 0.0234375 0.66953125 0.03671875 0.1953125
1 0.441015625 0.459375 0.017578125 0.0703125
1 0.52265625 0.4546875 0.018359375 0.0671875
1 0.456640625 0.46953125 0.0203125 0.07421875
1 0.499609375 0.44609375 0.017578125 0.07265625
1 0.554296875 0.47578125 0.01796875 0.090625
1 0.631640625 0.4453125 0.021484375 0.05703125
1 0.56015625 0.44453125 0.019140625 0.05546875
0 0.5984375 0.4265625 0.142578125 0.09453125