1 0.685546875 0.42890625 0.024609375 0.07734375
1 0.480859375 0.4203125 0.026953125 0.059375
1 0.052734375 0.50859375 0.033984375 0.11953125
1 0.960546875 0.4515625 0.02109375 0.09375
1 0.606640625 0.3796875 0.021484375 0.07421875
1 0.744921875 0.3875 0.012890625 0.05234375
1 0.561328125 0.49296875 0.02734375 0.10546875
1 0.580078125 0.4625 0.021875 0.08984375
1 0.723828125 0.38046875 0.01640625 0.06171875
1 0.575390625 0.40390625 0.017578125 0.0640625
1 0.50234375 0.40078125 0.01953125 0.0640625
1 0.5390625 0.39921875 0.017578125 0.0578125
1 0.558203125 0.4171875 0.018359375 0.06796875
1 0.51328125 0.36953125 0.012109375 0.0546875
1 0.6484375 0.38125 0.015625 0.06640625
1 0.694921875 0.39453125 0.015234375 0.06328125
1 0.4734375 0.4140625 0.015234375 0.06484375
2 0.490234375 0.44140625 0.009765625 0.0234375