1 0.326171875 0.49609375 0.021484375 0.10703125
1 0.2328125 0.51015625 0.02109375 0.11015625
1 0.8078125 0.5390625 0.033984375 0.11875
1 0.298046875 0.5015625 0.0203125 0.10078125
1 0.4 0.4953125 0.028125 0.10234375
1 0.437890625 0.51328125 0.023046875 0.09921875
1 0.7765625 0.47421875 0.020703125 0.0796875
1 0.76640625 0.47578125 0.02109375 0.0859375
1 0.476953125 0.48671875 0.025390625 0.07734375
1 0.783203125 0.428125 0.022265625 0.05546875
1 0.834765625 0.54296875 0.02890625 0.15546875
1 0.885546875 0.45546875 0.03671875 0.09609375
2 0.42578125 0.53203125 0.016015625 0.02734375
0 0.9328125 0.421875 0.134375 0.11015625