1 0.287109375 0.496875 0.021875 0.10546875
1 0.198046875 0.51015625 0.023046875 0.1109375
1 0.374609375 0.49453125 0.024609375 0.096875
1 0.783984375 0.5390625 0.033203125 0.121875
1 0.2609375 0.503125 0.02109375 0.10390625
1 0.35078125 0.5171875 0.02421875 0.10546875
1 0.819140625 0.46953125 0.023828125 0.08203125
1 0.75859375 0.4859375 0.0359375 0.06953125
1 0.507421875 0.4828125 0.01640625 0.08046875
1 0.776953125 0.4265625 0.022265625 0.05234375
1 0.85078125 0.459375 0.02734375 0.08046875
2 0.396875 0.5265625 0.012109375 0.03359375
0 0.914453125 0.421875 0.170703125 0.1140625