1 0.551953125 0.5640625 0.0234375 0.1140625
1 0.887890625 0.52578125 0.02421875 0.09453125
1 0.62109375 0.5375 0.023046875 0.09765625
1 0.20390625 0.48203125 0.01953125 0.07578125
1 0.71171875 0.48203125 0.0171875 0.071875
1 0.11640625 0.5109375 0.017578125 0.078125
1 0.39140625 0.4859375 0.016796875 0.06015625
1 0.32578125 0.4875 0.021484375 0.075
1 0.6453125 0.51015625 0.022265625 0.08515625
1 0.50625 0.48359375 0.0203125 0.078125
1 0.41953125 0.5015625 0.0203125 0.0609375
1 0.8671875 0.496875 0.021484375 0.0859375
1 0.459375 0.5015625 0.019140625 0.05859375
1 0.30078125 0.48828125 0.01796875 0.07265625
1 0.330859375 0.4703125 0.015625 0.059375
1 0.41171875 0.5625 0.025390625 0.1171875
1 0.54375 0.47265625 0.01875 0.07109375
1 0.573828125 0.4765625 0.018359375 0.05703125
1 0.609375 0.48125 0.0171875 0.0734375
1 0.7234375 0.48828125 0.017578125 0.07734375