1 0.45390625 0.546875 0.028515625 0.1203125
1 0.683984375 0.4828125 0.019140625 0.08125
1 0.61328125 0.5046875 0.030078125 0.08828125
1 0.444140625 0.47421875 0.01796875 0.06640625
1 0.501171875 0.4609375 0.019140625 0.07421875
1 0.783203125 0.47734375 0.018359375 0.07265625
1 0.330859375 0.5125 0.01953125 0.09453125
1 0.548828125 0.48046875 0.022265625 0.0703125
1 0.559375 0.44921875 0.0203125 0.078125
1 0.95234375 0.46796875 0.020703125 0.06015625
1 0.41640625 0.46015625 0.02265625 0.08984375
1 0.482421875 0.45625 0.023828125 0.08828125
1 0.5375 0.453125 0.016796875 0.05546875
1 0.62578125 0.471875 0.020703125 0.08359375
1 0.68671875 0.46015625 0.01953125 0.06796875
1 0.57578125 0.46015625 0.016015625 0.05546875
2 0.567578125 0.48125 0.008984375 0.0171875
0 0.55 0.43046875 0.14375 0.10078125