1 0.5609375 0.578125 0.041796875 0.14921875
1 0.43984375 0.3171875 0.016796875 0.05703125
1 0.565625 0.3203125 0.019140625 0.05078125
1 0.0953125 0.45 0.03125 0.08359375
1 0.74765625 0.509375 0.028515625 0.09453125
1 0.19140625 0.35390625 0.017578125 0.0640625
1 0.263671875 0.31640625 0.016015625 0.05390625
1 0.423046875 0.3453125 0.013671875 0.0515625
1 0.32890625 0.3765625 0.021484375 0.0546875
1 0.28359375 0.31875 0.018359375 0.05859375
1 0.3296875 0.29921875 0.014453125 0.05078125
1 0.31875 0.2671875 0.01484375 0.046875
1 0.403515625 0.2765625 0.012109375 0.0421875
1 0.462109375 0.3578125 0.016015625 0.0734375
1 0.512109375 0.390625 0.023828125 0.08984375
1 0.490625 0.3015625 0.01484375 0.0515625
1 0.479296875 0.2453125 0.01015625 0.03359375
1 0.645703125 0.30625 0.016796875 0.04921875
1 0.671875 0.2765625 0.015625 0.05390625
1 0.72578125 0.30234375 0.01640625 0.04921875
1 0.81171875 0.38359375 0.0296875 0.096875
2 0.511328125 0.5453125 0.023046875 0.04375