1 0.776953125 0.61875 0.04296875 0.1171875
1 0.639453125 0.58203125 0.021484375 0.1
1 0.896484375 0.5515625 0.019921875 0.08828125
1 0.878125 0.575 0.028125 0.10078125
1 0.87578125 0.515625 0.01953125 0.05234375
1 0.715234375 0.52109375 0.019921875 0.0828125
1 0.6953125 0.53828125 0.019921875 0.040625
1 0.653515625 0.5375 0.021484375 0.03125
1 0.545703125 0.521875 0.024609375 0.07109375
1 0.56953125 0.52421875 0.0203125 0.0796875
1 0.60234375 0.528125 0.0265625 0.09140625
0 0.68203125 0.49140625 0.160546875 0.10234375