1 0.634765625 0.54453125 0.025390625 0.10234375
1 0.667578125 0.521875 0.0171875 0.0734375
1 0.284765625 0.50078125 0.0171875 0.059375
1 0.54453125 0.56796875 0.023046875 0.11796875
1 0.4390625 0.4953125 0.019140625 0.05546875
1 0.74609375 0.496875 0.0296875 0.06953125
1 0.390625 0.5671875 0.021875 0.11171875
1 0.825 0.5015625 0.01953125 0.0734375
1 0.182421875 0.49140625 0.023828125 0.07578125
1 0.09140625 0.51953125 0.029296875 0.10859375
1 0.308984375 0.49609375 0.019140625 0.08515625
1 0.3296875 0.4796875 0.015625 0.07109375
1 0.3859375 0.4921875 0.0296875 0.06328125
1 0.4296875 0.49296875 0.016015625 0.07421875
1 0.518359375 0.48671875 0.016015625 0.075
1 0.5390625 0.49296875 0.01875 0.078125
1 0.554296875 0.490625 0.0171875 0.07421875
1 0.5875 0.48515625 0.023828125 0.0671875
1 0.619140625 0.4859375 0.019140625 0.07421875
1 0.7390625 0.4890625 0.022265625 0.0796875
1 0.8609375 0.52734375 0.034375 0.1015625