1 0.427734375 0.53046875 0.027734375 0.10859375
1 0.76171875 0.46875 0.022265625 0.0859375
1 0.70390625 0.54453125 0.04140625 0.12890625
1 0.23359375 0.47109375 0.01875 0.08203125
1 0.704296875 0.45390625 0.0171875 0.06640625
1 0.546875 0.465625 0.023046875 0.0734375
1 0.56484375 0.459375 0.02109375 0.0796875
1 0.4375 0.45 0.021875 0.0734375
1 0.81171875 0.45 0.01953125 0.065625
1 0.516796875 0.453125 0.018359375 0.07109375
1 0.48515625 0.44921875 0.019921875 0.071875
2 0.562890625 0.4609375 0.01328125 0.025
0 0.38046875 0.40390625 0.130078125 0.0828125