1 0.446484375 0.54921875 0.02265625 0.11484375
1 0.299609375 0.52265625 0.029296875 0.09375
1 0.383203125 0.46796875 0.021484375 0.08359375
1 0.591015625 0.50703125 0.028125 0.08515625
1 0.4125 0.48203125 0.022265625 0.075
1 0.713671875 0.475 0.0171875 0.06875
1 0.519140625 0.47890625 0.0265625 0.08125
1 0.62578125 0.48671875 0.019140625 0.07421875
1 0.920703125 0.47578125 0.025 0.08359375
1 0.451953125 0.4640625 0.021875 0.08125
1 0.487890625 0.4546875 0.0203125 0.0625
1 0.5953125 0.46640625 0.021484375 0.0765625
1 0.861328125 0.46953125 0.01953125 0.0734375
1 0.52890625 0.44921875 0.00859375 0.05546875
2 0.5296875 0.48984375 0.01328125 0.02421875
0 0.488671875 0.43359375 0.1359375 0.09375