1 0.053125 0.34375 0.01953125 0.0625
1 0.71484375 0.38203125 0.023828125 0.065625
1 0.167578125 0.4375 0.02421875 0.1
1 0.45546875 0.41875 0.034765625 0.08359375
1 0.116796875 0.3546875 0.016796875 0.06796875
1 0.485546875 0.334375 0.015625 0.05859375
1 0.305078125 0.34765625 0.025 0.09453125
1 0.184765625 0.31875 0.014453125 0.0546875
1 0.1421875 0.278125 0.01640625 0.05625
1 0.2765625 0.296875 0.01953125 0.065625
1 0.343359375 0.25078125 0.008203125 0.03359375
1 0.398828125 0.31796875 0.025390625 0.06015625
1 0.4 0.39921875 0.030078125 0.071875
1 0.44453125 0.5671875 0.05234375 0.1296875
1 0.48671875 0.53125 0.03828125 0.10625
1 0.53203125 0.30078125 0.012890625 0.0734375
1 0.554296875 0.2828125 0.016796875 0.0421875
1 0.62109375 0.30703125 0.01875 0.06171875
1 0.300390625 0.3625 0.016015625 0.0625
2 0.5109375 0.47421875 0.0171875 0.03671875
0 0.971875 0.26171875 0.05625 0.0875