1 0.6796875 0.4828125 0.02109375 0.0734375
1 0.167578125 0.51015625 0.024609375 0.103125
1 0.10703125 0.5140625 0.0265625 0.10703125
1 0.70390625 0.534375 0.026953125 0.1203125
1 0.298046875 0.4984375 0.024609375 0.09921875
1 0.215234375 0.51640625 0.041015625 0.13125
1 0.4671875 0.4765625 0.01875 0.07734375
1 0.810546875 0.46640625 0.02265625 0.0734375
1 0.763671875 0.45234375 0.022265625 0.07109375
1 0.718359375 0.43203125 0.0171875 0.0640625
2 0.3203125 0.5328125 0.016015625 0.03203125
0 0.83046875 0.425 0.17109375 0.12109375