1 0.796484375 0.46953125 0.022265625 0.08046875
1 0.441015625 0.50703125 0.033203125 0.08828125
1 0.328125 0.4640625 0.02578125 0.0640625
1 0.86953125 0.4515625 0.01796875 0.07109375
1 0.6484375 0.53046875 0.025390625 0.109375
1 0.5875 0.459375 0.023046875 0.0671875
1 0.496484375 0.44375 0.016796875 0.05859375
1 0.456640625 0.45390625 0.02109375 0.05234375
1 0.571875 0.434375 0.017578125 0.06953125
1 0.734375 0.44296875 0.01328125 0.05859375
1 0.78046875 0.42734375 0.020703125 0.06640625
1 0.540234375 0.44296875 0.01953125 0.06875
1 0.62265625 0.4453125 0.019921875 0.08671875
1 0.64140625 0.4578125 0.01796875 0.07578125
1 0.479296875 0.41796875 0.016796875 0.05859375
2 0.4421875 0.45859375 0.01171875 0.025
0 0.43828125 0.39765625 0.11875 0.0796875