1 0.794921875 0.40078125 0.01796875 0.06796875
1 0.623828125 0.4015625 0.0234375 0.0609375
1 0.475 0.39921875 0.026953125 0.06875
1 0.303515625 0.40546875 0.01953125 0.07109375
1 0.915234375 0.403125 0.019921875 0.0703125
1 0.37578125 0.4140625 0.016015625 0.06640625
1 0.426953125 0.390625 0.020703125 0.0515625
1 0.56015625 0.39609375 0.018359375 0.05390625
1 0.97109375 0.38046875 0.023828125 0.071875
1 0.553515625 0.3625 0.016796875 0.059375
1 0.4375 0.3546875 0.014453125 0.05390625
1 0.4765625 0.3703125 0.015625 0.0484375
1 0.498828125 0.36953125 0.0125 0.0609375
1 0.519140625 0.375 0.01328125 0.05390625
1 0.526171875 0.3546875 0.01484375 0.05703125
1 0.6875 0.36015625 0.010546875 0.05078125
1 0.58984375 0.36484375 0.0109375 0.04140625
1 0.590625 0.35703125 0.0078125 0.04375
2 0.6171875 0.4234375 0.0109375 0.0171875
0 0.415625 0.34296875 0.087890625 0.0640625