1 0.8796875 0.4484375 0.0171875 0.06953125
1 0.39921875 0.49140625 0.0265625 0.07265625
1 0.536328125 0.50546875 0.030859375 0.0921875
1 0.6625 0.46015625 0.0171875 0.06640625
1 0.78671875 0.4609375 0.018359375 0.07734375
1 0.5609375 0.453125 0.01484375 0.05859375
1 0.514453125 0.4375 0.0171875 0.06171875
1 0.721875 0.43203125 0.012890625 0.05234375
1 0.509375 0.4359375 0.016015625 0.0578125
1 0.598046875 0.4375 0.01953125 0.0671875
1 0.775 0.41953125 0.01875 0.06484375
1 0.40625 0.446875 0.0203125 0.0703125
1 0.994921875 0.53671875 0.01015625 0.128125
1 0.613671875 0.43515625 0.01796875 0.06875
1 0.492578125 0.4125 0.0171875 0.0578125
1 0.5375 0.4296875 0.01875 0.075
1 0.395703125 0.43828125 0.016015625 0.065625
1 0.604296875 0.4234375 0.0171875 0.065625
2 0.43984375 0.48203125 0.0109375 0.0234375
0 0.469140625 0.39609375 0.113671875 0.0734375