1 0.854296875 0.38984375 0.016796875 0.06484375
1 0.32890625 0.3890625 0.016015625 0.0640625
1 0.97734375 0.40234375 0.019140625 0.07109375
1 0.502734375 0.390625 0.01640625 0.06484375
1 0.058984375 0.4625 0.038671875 0.1125
1 0.61484375 0.3546875 0.015234375 0.05234375
1 0.6140625 0.39609375 0.021484375 0.07265625
1 0.487109375 0.34375 0.015234375 0.05078125
1 0.589453125 0.35625 0.0171875 0.0609375
1 0.426953125 0.390625 0.015625 0.06484375
1 0.444921875 0.3734375 0.0171875 0.0640625
1 0.535546875 0.36796875 0.01875 0.07265625
1 0.562109375 0.3671875 0.016015625 0.0609375
1 0.638671875 0.35234375 0.010546875 0.06015625
1 0.662890625 0.35859375 0.013671875 0.05859375
1 0.776171875 0.35703125 0.01484375 0.05390625
1 0.59921875 0.38828125 0.023046875 0.06875
1 0.987890625 0.36875 0.012890625 0.0640625
2 0.597265625 0.4265625 0.009375 0.02265625
0 0.471484375 0.33359375 0.091015625 0.059375