1 0.45390625 0.60078125 0.03671875 0.11875
1 0.751953125 0.51328125 0.02578125 0.075
1 0.531640625 0.52421875 0.01875 0.08203125
1 0.7546875 0.6515625 0.040234375 0.14453125
1 0.24140625 0.55703125 0.025 0.09921875
1 0.5046875 0.5515625 0.02734375 0.10390625
1 0.355859375 0.515625 0.01796875 0.07890625
1 0.723046875 0.83984375 0.061328125 0.30078125
1 0.973828125 0.51640625 0.028125 0.09921875
1 0.1890625 0.50625 0.01875 0.0875
1 0.246484375 0.5 0.017578125 0.0828125
1 0.283203125 0.50546875 0.015234375 0.07890625
1 0.297265625 0.5109375 0.01875 0.04921875
1 0.21015625 0.50078125 0.009375 0.065625
1 0.220703125 0.50078125 0.012890625 0.07734375
1 0.976171875 0.503125 0.032421875 0.06953125
0 0.269921875 0.47578125 0.162890625 0.10234375