1 0.79921875 0.48984375 0.0234375 0.09375
1 0.409765625 0.4953125 0.0234375 0.1015625
1 0.362890625 0.5015625 0.022265625 0.09765625
1 0.653125 0.47578125 0.026171875 0.06953125
1 0.510546875 0.4875 0.023046875 0.08984375
1 0.467578125 0.49453125 0.0203125 0.09375
1 0.872265625 0.54375 0.03046875 0.125
1 0.309375 0.5171875 0.03359375 0.11328125
1 0.94296875 0.45234375 0.023828125 0.07578125
1 0.29453125 0.5046875 0.01875 0.10625
2 0.625 0.49375 0.010546875 0.028125
2 0.569140625 0.4765625 0.01015625 0.015625
0 0.95546875 0.41953125 0.0890625 0.1234375