1 0.0625 0.38828125 0.040625 0.08203125
1 0.1796875 0.3265625 0.025390625 0.0671875
1 0.12734375 0.3921875 0.0234375 0.071875
1 0.449609375 0.4453125 0.026953125 0.08984375
1 0.54375 0.45390625 0.02890625 0.090625
1 0.33359375 0.2859375 0.016015625 0.04296875
1 0.7921875 0.5875 0.037109375 0.1765625
1 0.371875 0.321875 0.022265625 0.0640625
1 0.3703125 0.3953125 0.024609375 0.0875
1 0.348046875 0.34375 0.021875 0.071875
1 0.551953125 0.2671875 0.016015625 0.04140625
1 0.43515625 0.3078125 0.019140625 0.05703125
2 0.57890625 0.41484375 0.0125 0.03203125
0 0.594921875 0.2421875 0.07421875 0.06015625