1 0.951953125 0.53515625 0.0421875 0.13671875
1 0.65 0.45625 0.0171875 0.07734375
1 0.7546875 0.44921875 0.019140625 0.0796875
1 0.522265625 0.45 0.019921875 0.07421875
1 0.89296875 0.521875 0.03125 0.1203125
1 0.31484375 0.43359375 0.016796875 0.0609375
1 0.875390625 0.43984375 0.019140625 0.0765625
1 0.41953125 0.4671875 0.02421875 0.0703125
1 0.399609375 0.4359375 0.018359375 0.07109375
1 0.71015625 0.41953125 0.01640625 0.0515625
1 0.598046875 0.42890625 0.01875 0.06328125
1 0.582421875 0.41796875 0.016796875 0.06328125
1 0.4921875 0.425 0.018359375 0.06171875
1 0.47578125 0.396875 0.013671875 0.05234375
1 0.503515625 0.41328125 0.01328125 0.0640625
1 0.605859375 0.40859375 0.013671875 0.06484375
1 0.75859375 0.403125 0.012890625 0.05390625
1 0.43671875 0.46171875 0.025390625 0.07890625