1 0.5375 0.56953125 0.040234375 0.12109375
1 0.66953125 0.50703125 0.017578125 0.08125
1 0.8453125 0.50703125 0.01953125 0.0921875
1 0.60546875 0.53046875 0.02421875 0.1
1 0.254296875 0.49765625 0.01953125 0.07109375
1 0.451953125 0.5734375 0.0296875 0.121875
1 0.616015625 0.47109375 0.018359375 0.06953125
1 0.02578125 0.521875 0.022265625 0.09140625
1 0.485546875 0.4671875 0.01640625 0.06015625
1 0.0921875 0.4859375 0.02109375 0.07890625
1 0.805859375 0.47734375 0.01875 0.075
1 0.5421875 0.46640625 0.02109375 0.065625
1 0.394921875 0.47578125 0.01796875 0.05703125
1 0.351953125 0.5109375 0.019140625 0.08125
1 0.515625 0.46875 0.016796875 0.06328125
1 0.770703125 0.47421875 0.0203125 0.078125
1 0.577734375 0.48203125 0.019921875 0.08203125
1 0.298828125 0.46875 0.01875 0.0703125
1 0.600390625 0.4640625 0.01328125 0.06953125
1 0.705078125 0.4640625 0.01796875 0.07265625
1 0.501953125 0.47890625 0.01640625 0.053125
2 0.487109375 0.48671875 0.00703125 0.021875