1 0.29375 0.38828125 0.016015625 0.0671875
1 0.854296875 0.38203125 0.019140625 0.071875
1 0.50859375 0.3859375 0.021484375 0.06015625
1 0.43203125 0.38046875 0.02265625 0.06875
1 0.577734375 0.37265625 0.01640625 0.05390625
1 0.560546875 0.3984375 0.022265625 0.0640625
1 0.9921875 0.39375 0.015625 0.08125
1 0.6203125 0.3703125 0.016015625 0.05390625
1 0.691796875 0.36171875 0.012890625 0.04375
1 0.50390625 0.34375 0.01015625 0.04375
1 0.5390625 0.36484375 0.015625 0.059375
1 0.55078125 0.39375 0.022265625 0.071875
1 0.434375 0.36953125 0.019140625 0.05859375
1 0.811328125 0.3609375 0.018359375 0.05859375
1 0.612890625 0.35234375 0.011328125 0.05
1 0.6390625 0.35859375 0.013671875 0.046875
1 0.645703125 0.3546875 0.01015625 0.05
1 0.97890625 0.3640625 0.016015625 0.05390625
2 0.392578125 0.41953125 0.01171875 0.02421875
0 0.49375 0.3328125 0.09375 0.06171875