1 0.207421875 0.52578125 0.025390625 0.10234375
1 0.786328125 0.49609375 0.01875 0.08515625
1 0.40703125 0.54765625 0.025390625 0.121875
1 0.285546875 0.4828125 0.01796875 0.071875
1 0.32265625 0.46796875 0.0203125 0.078125
1 0.461328125 0.4828125 0.022265625 0.0671875
1 0.408984375 0.4578125 0.02421875 0.0734375
1 0.4453125 0.45859375 0.023828125 0.08515625
1 0.700390625 0.471875 0.018359375 0.059375
1 0.558203125 0.4921875 0.022265625 0.090625
1 0.2625 0.47890625 0.01640625 0.0703125
1 0.541015625 0.4671875 0.01953125 0.0734375
1 0.341015625 0.4671875 0.01953125 0.0734375
1 0.647265625 0.47109375 0.022265625 0.059375
2 0.620703125 0.46875 0.010546875 0.02265625