1 0.714453125 0.49453125 0.034375 0.1140625
1 0.2984375 0.57421875 0.032421875 0.128125
1 0.973828125 0.55625 0.038671875 0.14296875
1 0.3875 0.4609375 0.028125 0.08203125
1 0.2125 0.5015625 0.02890625 0.10546875
1 0.429296875 0.7375 0.052734375 0.21015625
1 0.7765625 0.5234375 0.0265625 0.12890625
1 0.154296875 0.55703125 0.041796875 0.12734375
1 0.23671875 0.4734375 0.0203125 0.08671875
1 0.762109375 0.47265625 0.022265625 0.0953125
1 0.740625 0.44453125 0.020703125 0.07890625
1 0.5390625 0.45390625 0.028515625 0.07890625
1 0.5046875 0.46796875 0.02265625 0.0921875