1 0.009375 0.39765625 0.01875 0.08046875
1 0.09140625 0.3328125 0.02265625 0.06484375
1 0.446875 0.38203125 0.020703125 0.0703125
1 0.48359375 0.3875 0.0265625 0.07265625
1 0.34140625 0.38125 0.0265625 0.07109375
1 0.076171875 0.38515625 0.03046875 0.0640625
1 0.3828125 0.30234375 0.016796875 0.05078125
1 0.556640625 0.390625 0.02890625 0.07890625
1 0.26015625 0.2875 0.01484375 0.03984375
1 0.4515625 0.26015625 0.0125 0.0359375
1 0.32421875 0.3171875 0.025390625 0.04765625
1 0.3109375 0.334375 0.0171875 0.05390625
1 0.31796875 0.36953125 0.021875 0.06875
2 0.619921875 0.37578125 0.01015625 0.02578125
0 0.46796875 0.240625 0.071875 0.05703125