1 0.86015625 0.53046875 0.028515625 0.13203125
1 0.85546875 0.44375 0.0203125 0.071875
1 0.803125 0.52265625 0.0265625 0.115625
1 0.242578125 0.440625 0.01640625 0.0671875
1 0.98984375 0.4609375 0.0203125 0.08984375
1 0.528515625 0.44765625 0.019921875 0.084375
1 0.598828125 0.478125 0.02109375 0.0859375
1 0.71171875 0.44609375 0.0203125 0.07421875
1 0.369921875 0.4359375 0.018359375 0.0734375
1 0.7 0.42109375 0.015625 0.0546875
1 0.44296875 0.4 0.016796875 0.06484375
1 0.71640625 0.403125 0.01796875 0.0640625
1 0.58515625 0.42734375 0.019140625 0.06875
1 0.387109375 0.459375 0.01875 0.0765625
1 0.4609375 0.4234375 0.014453125 0.0609375
1 0.534765625 0.415625 0.021484375 0.0609375
1 0.453125 0.4203125 0.016796875 0.0734375
2 0.59375 0.38671875 0.014453125 0.021875
0 0.43046875 0.37578125 0.102734375 0.06640625