1 0.2640625 0.5921875 0.044140625 0.121875
1 0.076171875 0.38828125 0.022265625 0.0765625
1 0.09921875 0.33203125 0.019921875 0.06171875
1 0.11875 0.38125 0.01875 0.0625
1 0.47890625 0.3546875 0.0171875 0.0625
1 0.347265625 0.3625 0.01796875 0.05859375
1 0.56640625 0.3625 0.018359375 0.06484375
1 0.26875 0.2890625 0.01484375 0.04140625
1 0.646875 0.57890625 0.035546875 0.16015625
1 0.394140625 0.3625 0.017578125 0.0640625
1 0.387109375 0.29921875 0.01796875 0.053125
1 0.32265625 0.32265625 0.016015625 0.059375
1 0.643359375 0.3625 0.0265625 0.06796875
1 0.717578125 0.36640625 0.024609375 0.0703125
1 0.35234375 0.3296875 0.01875 0.05390625
2 0.66171875 0.38046875 0.01328125 0.03515625
0 0.43828125 0.253125 0.07734375 0.0578125