1 0.559765625 0.56875 0.035546875 0.12421875
1 0.600390625 0.5296875 0.0234375 0.0953125
1 0.8328125 0.50078125 0.01953125 0.0828125
1 0.476953125 0.57109375 0.033984375 0.1234375
1 0.026953125 0.51875 0.0234375 0.09765625
1 0.648828125 0.50078125 0.019921875 0.071875
1 0.4859375 0.4609375 0.01640625 0.0671875
1 0.566796875 0.478125 0.021484375 0.084375
1 0.24375 0.49140625 0.01875 0.07578125
1 0.374609375 0.4984375 0.0234375 0.08359375
1 0.062890625 0.48125 0.019921875 0.07578125
1 0.616015625 0.471875 0.020703125 0.0703125
1 0.45234375 0.47265625 0.022265625 0.05390625
1 0.289453125 0.47109375 0.019140625 0.07109375
1 0.3921875 0.4671875 0.017578125 0.059375
1 0.5046875 0.46015625 0.015234375 0.0578125
1 0.5203125 0.4625 0.01328125 0.0625
1 0.683203125 0.46171875 0.016015625 0.075
1 0.600390625 0.46796875 0.019921875 0.065625
1 0.742578125 0.46796875 0.01875 0.0765625
1 0.787109375 0.47109375 0.019921875 0.075