1 0.26171875 0.39609375 0.021875 0.0640625
1 0.519921875 0.41484375 0.019140625 0.08125
1 0.79609375 0.3625 0.019921875 0.05078125
1 0.91875 0.50625 0.03984375 0.1390625
1 0.833203125 0.38671875 0.01640625 0.06015625
1 0.487109375 0.39765625 0.022265625 0.065625
1 0.36953125 0.3921875 0.019140625 0.05234375
1 0.985546875 0.4015625 0.0203125 0.071875
1 0.97109375 0.37265625 0.019921875 0.0671875
1 0.68046875 0.3671875 0.0125 0.046875
1 0.459765625 0.384375 0.01484375 0.05390625
1 0.5625 0.3734375 0.01484375 0.04921875
1 0.405078125 0.38125 0.015625 0.046875
1 0.5140625 0.36484375 0.01953125 0.0546875
1 0.500390625 0.34140625 0.011328125 0.0453125
1 0.596875 0.371875 0.02109375 0.0625
1 0.608984375 0.353125 0.0140625 0.06171875
1 0.62578125 0.35234375 0.012109375 0.0640625
1 0.63828125 0.35546875 0.018359375 0.059375
2 0.273046875 0.41796875 0.00859375 0.02109375
0 0.494140625 0.3328125 0.090234375 0.0578125