1 0.834375 0.5609375 0.0390625 0.12890625
1 0.515625 0.5046875 0.03359375 0.109375
1 0.178515625 0.49140625 0.0265625 0.0859375
1 0.110546875 0.58515625 0.0390625 0.134375
1 0.36015625 0.759375 0.054296875 0.26328125
1 0.255859375 0.4890625 0.027734375 0.06171875
1 0.68671875 0.5328125 0.02890625 0.1234375
1 0.145703125 0.5328125 0.0203125 0.0796875
1 0.14453125 0.4890625 0.020703125 0.05859375
1 0.441796875 0.43046875 0.019140625 0.06484375
1 0.296484375 0.49140625 0.028125 0.071875
1 0.66953125 0.48046875 0.021875 0.1140625
1 0.35390625 0.4703125 0.02734375 0.0875
1 0.67421875 0.50234375 0.022265625 0.0765625