1 0.7234375 0.4796875 0.019140625 0.08125
1 0.980859375 0.559375 0.03203125 0.121875
1 0.407421875 0.53671875 0.025390625 0.11171875
1 0.196875 0.515625 0.021875 0.09140625
1 0.571875 0.47421875 0.01953125 0.0703125
1 0.376953125 0.44140625 0.023046875 0.075
1 0.22421875 0.4609375 0.01796875 0.0765625
1 0.597265625 0.45859375 0.018359375 0.0546875
1 0.30234375 0.45625 0.01875 0.071875
1 0.241015625 0.47421875 0.016796875 0.06484375
1 0.6453125 0.45546875 0.027734375 0.05234375
1 0.444140625 0.46953125 0.01953125 0.05703125
1 0.289453125 0.45546875 0.01640625 0.078125
1 0.27734375 0.43359375 0.021484375 0.0640625
1 0.437890625 0.43984375 0.018359375 0.05078125
1 0.46328125 0.46171875 0.021875 0.07578125
1 0.5171875 0.44765625 0.01328125 0.06328125
1 0.53046875 0.44375 0.01328125 0.071875
1 0.6375 0.44921875 0.01328125 0.0515625
0 0.226953125 0.42109375 0.149609375 0.08984375