1 0.073046875 0.6515625 0.03984375 0.1578125
1 0.104296875 0.3921875 0.01953125 0.059375
1 0.0625 0.3515625 0.01953125 0.05859375
1 0.33125 0.3828125 0.018359375 0.059375
1 0.083203125 0.4046875 0.020703125 0.0765625
1 0.465625 0.35859375 0.01796875 0.06015625
1 0.26875 0.33984375 0.014453125 0.05703125
1 0.633203125 0.63515625 0.033203125 0.18125
1 0.351171875 0.34375 0.017578125 0.0671875
1 0.39296875 0.55 0.026171875 0.1140625
1 0.394921875 0.3671875 0.01875 0.0625
1 0.226953125 0.31875 0.0140625 0.04453125
1 0.608984375 0.36875 0.015625 0.05625
1 0.663671875 0.37734375 0.01875 0.0546875
0 0.388671875 0.28046875 0.091796875 0.0734375