1 0.516015625 0.571875 0.0265625 0.125
1 0.5859375 0.5703125 0.02734375 0.12265625
1 0.82578125 0.49296875 0.01875 0.08046875
1 0.041796875 0.51796875 0.0296875 0.09453125
1 0.6515625 0.4984375 0.019140625 0.06796875
1 0.386328125 0.49375 0.025390625 0.09296875
1 0.478515625 0.46640625 0.02421875 0.08671875
1 0.237890625 0.4921875 0.019140625 0.06796875
1 0.54375 0.4640625 0.018359375 0.0671875
1 0.598828125 0.5046875 0.01875 0.06171875
1 0.280078125 0.4703125 0.018359375 0.0734375
1 0.566015625 0.46953125 0.01328125 0.0796875
1 0.578515625 0.459375 0.01328125 0.0671875
1 0.687890625 0.46328125 0.023828125 0.06015625
1 0.71171875 0.465625 0.015234375 0.071875
1 0.744921875 0.46328125 0.01484375 0.07890625
1 0.057421875 0.48671875 0.025 0.08828125