1 0.55 0.56953125 0.025 0.12265625
1 0.83046875 0.48828125 0.0203125 0.078125
1 0.0484375 0.51953125 0.03203125 0.0921875
1 0.601171875 0.56875 0.02890625 0.11875
1 0.46875 0.46875 0.021484375 0.07109375
1 0.396484375 0.5 0.0203125 0.08671875
1 0.673046875 0.4890625 0.01796875 0.06796875
1 0.57265625 0.48125 0.01875 0.0828125
1 0.5109375 0.46875 0.02109375 0.071875
1 0.605859375 0.46015625 0.01953125 0.078125
1 0.22734375 0.49453125 0.01796875 0.0640625
1 0.59375 0.5234375 0.0203125 0.09296875
1 0.737109375 0.46953125 0.01875 0.06640625
1 0.275 0.46640625 0.016796875 0.06953125
1 0.377734375 0.46328125 0.016015625 0.059375
1 0.722265625 0.46953125 0.019140625 0.06171875
1 0.624609375 0.46328125 0.019921875 0.05234375
1 0.584375 0.45625 0.0125 0.05
1 0.519921875 0.46328125 0.012890625 0.059375
1 0.56796875 0.4546875 0.01484375 0.06171875