1 0.941015625 0.48125 0.028125 0.0921875
1 0.718359375 0.4375 0.017578125 0.059375
1 0.86640625 0.45390625 0.02109375 0.07109375
1 0.394140625 0.4890625 0.02109375 0.05546875
1 0.481640625 0.4421875 0.0140625 0.05390625
1 0.65546875 0.41875 0.01484375 0.04921875
1 0.420703125 0.44609375 0.01796875 0.0546875
1 0.283984375 0.44765625 0.01953125 0.06171875
1 0.52890625 0.42421875 0.014453125 0.046875
1 0.383203125 0.47890625 0.017578125 0.065625
1 0.7328125 0.39921875 0.0140625 0.04765625
1 0.8484375 0.415625 0.0140625 0.046875
1 0.67421875 0.40546875 0.014453125 0.0484375
1 0.354296875 0.440625 0.0140625 0.059375
1 0.635546875 0.40078125 0.012109375 0.04296875
1 0.76171875 0.40390625 0.010546875 0.05390625
1 0.780078125 0.4140625 0.015234375 0.0578125
0 0.644921875 0.38984375 0.093359375 0.05390625