1 0.165625 0.60859375 0.03984375 0.15078125
1 0.1125 0.39921875 0.01953125 0.06953125
1 0.283984375 0.38984375 0.01875 0.0578125
1 0.618359375 0.66796875 0.032421875 0.17265625
1 0.1953125 0.33203125 0.01328125 0.046875
1 0.465625 0.509375 0.023828125 0.09609375
1 0.728515625 0.37265625 0.0265625 0.0625
1 0.608984375 0.38203125 0.023828125 0.05546875
1 0.052734375 0.365625 0.021875 0.0578125
1 0.655078125 0.38984375 0.01875 0.07109375
1 0.462890625 0.36875 0.0171875 0.05078125
1 0.33984375 0.3640625 0.01640625 0.05546875
1 0.32734375 0.33125 0.016796875 0.05390625
1 0.437890625 0.3796875 0.0203125 0.059375
1 0.226171875 0.35078125 0.014453125 0.06015625
1 0.462109375 0.9734375 0.055859375 0.05234375
1 0.368359375 0.31171875 0.017578125 0.05234375
2 0.65546875 0.4203125 0.011328125 0.02265625
0 0.35859375 0.2953125 0.092578125 0.0671875