1 0.294921875 0.54921875 0.03359375 0.1203125
1 0.159375 0.3921875 0.016796875 0.065625
1 0.519921875 0.48671875 0.0234375 0.0921875
1 0.209765625 0.3515625 0.0140625 0.0515625
1 0.02421875 0.36640625 0.018359375 0.059375
1 0.325 0.36796875 0.01640625 0.05703125
1 0.117578125 0.39609375 0.015625 0.053125
1 0.25390625 0.396875 0.019140625 0.0578125
1 0.176171875 0.33203125 0.01328125 0.04375
1 0.4796875 0.39296875 0.0203125 0.05546875
1 0.65 0.40546875 0.020703125 0.07265625
1 0.3 0.33984375 0.0171875 0.0484375
1 0.730859375 0.371875 0.027734375 0.06796875
1 0.619140625 0.67734375 0.05234375 0.20546875
1 0.617578125 0.403125 0.021875 0.06875
1 0.4765625 0.35625 0.015625 0.05
1 0.354296875 0.309375 0.01640625 0.05234375
2 0.59765625 0.44765625 0.01015625 0.0296875
0 0.351171875 0.2984375 0.090625 0.06953125