1 0.617578125 0.5046875 0.022265625 0.109375
1 0.4109375 0.5015625 0.0203125 0.096875
1 0.66796875 0.46015625 0.018359375 0.07421875
1 0.756640625 0.4359375 0.01640625 0.053125
1 0.5453125 0.4484375 0.019921875 0.07109375
1 0.326953125 0.459375 0.017578125 0.07109375
1 0.34140625 0.4359375 0.019140625 0.07109375
1 0.28984375 0.4453125 0.016796875 0.059375
1 0.436328125 0.43359375 0.01796875 0.06953125
1 0.55546875 0.4484375 0.015234375 0.0671875
1 0.287890625 0.41171875 0.015234375 0.05625
1 0.418359375 0.42578125 0.015625 0.05546875
1 0.5765625 0.44296875 0.021875 0.06328125
1 0.61015625 0.44375 0.022265625 0.05859375
1 0.61875 0.4234375 0.0125 0.06171875
1 0.652734375 0.453125 0.023828125 0.08828125
1 0.437890625 0.415625 0.0171875 0.0578125
2 0.567578125 0.4671875 0.012109375 0.0203125
0 0.2296875 0.4 0.12578125 0.08125