1 0.97265625 0.43125 0.025390625 0.1015625
1 0.874609375 0.48828125 0.029296875 0.1421875
1 0.719921875 0.365625 0.016796875 0.053125
1 0.42890625 0.41328125 0.022265625 0.0796875
1 0.32578125 0.3703125 0.01328125 0.05390625
1 0.88203125 0.36328125 0.014453125 0.0609375
1 0.51640625 0.35 0.0125 0.04296875
1 0.37421875 0.35 0.016796875 0.04609375
1 0.408984375 0.38125 0.023828125 0.05078125
1 0.46953125 0.3453125 0.017578125 0.06640625
1 0.48671875 0.325 0.012109375 0.05234375
1 0.5 0.34765625 0.0125 0.05234375
1 0.536328125 0.3328125 0.0125 0.0640625
1 0.553515625 0.328125 0.012890625 0.06875
1 0.5671875 0.33984375 0.008984375 0.0546875
1 0.596875 0.34375 0.01953125 0.05390625
1 0.65859375 0.3328125 0.0203125 0.05859375
1 0.837890625 0.35078125 0.02265625 0.05859375
2 0.431640625 0.4453125 0.011328125 0.0234375
0 0.471484375 0.31328125 0.08671875 0.05546875