1 0.66953125 0.42578125 0.017578125 0.0515625
1 0.47109375 0.47265625 0.0203125 0.0578125
1 0.51015625 0.44765625 0.015625 0.05625
1 0.717578125 0.44140625 0.01640625 0.0640625
1 0.837109375 0.48046875 0.03046875 0.07265625
1 0.405859375 0.44453125 0.017578125 0.059375
1 0.13359375 0.5296875 0.02578125 0.1140625
1 0.430078125 0.4484375 0.01640625 0.05703125
1 0.7546875 0.4234375 0.016015625 0.0515625
1 0.548828125 0.42890625 0.013671875 0.0546875
1 0.691796875 0.409375 0.015625 0.053125
1 0.121875 0.48125 0.02265625 0.09140625
1 0.81484375 0.4265625 0.017578125 0.06171875
1 0.76953125 0.41171875 0.01640625 0.05234375
1 0.275390625 0.459375 0.021484375 0.07734375
1 0.479296875 0.4578125 0.016796875 0.07421875
1 0.8140625 0.4671875 0.020703125 0.0890625
1 0.734765625 0.3953125 0.014453125 0.053125
1 0.763671875 0.4 0.009375 0.04140625
1 0.63359375 0.4015625 0.0125 0.0375
2 0.685546875 0.49296875 0.0140625 0.02578125
0 0.634765625 0.38828125 0.0953125 0.0703125