1 0.8484375 0.5125 0.037890625 0.15078125
1 0.9125 0.440625 0.025390625 0.09921875
1 0.69296875 0.375 0.01796875 0.06796875
1 0.294921875 0.3859375 0.015234375 0.0609375
1 0.4015625 0.421875 0.02734375 0.0796875
1 0.8328125 0.36953125 0.014453125 0.0546875
1 0.32265625 0.35859375 0.01328125 0.04375
1 0.78515625 0.35390625 0.012890625 0.0453125
1 0.437109375 0.4109375 0.021484375 0.05546875
1 0.350390625 0.35625 0.012109375 0.04609375
1 0.455078125 0.38046875 0.024609375 0.08046875
1 0.450390625 0.35703125 0.0234375 0.065625
1 0.462890625 0.34921875 0.0140625 0.06328125
1 0.49375 0.33515625 0.010546875 0.0546875
1 0.49765625 0.3625 0.016015625 0.05859375
1 0.51875 0.34609375 0.019140625 0.0578125
1 0.538671875 0.35546875 0.02265625 0.0765625
1 0.566796875 0.3359375 0.019140625 0.05234375
1 0.615234375 0.33828125 0.0171875 0.06015625
1 0.84921875 0.346875 0.010546875 0.05390625
2 0.489453125 0.4109375 0.0125 0.025
0 0.43359375 0.3203125 0.0875 0.06328125