1 0.5484375 0.4421875 0.020703125 0.0890625
1 0.88359375 0.4328125 0.02265625 0.0859375
1 0.680078125 0.44296875 0.0234375 0.0734375
1 0.9515625 0.5015625 0.02734375 0.128125
1 0.8125 0.4109375 0.016796875 0.065625
1 0.465625 0.43203125 0.01640625 0.06796875
1 0.58203125 0.38828125 0.015234375 0.0546875
1 0.98046875 0.49921875 0.025 0.12578125
1 0.634375 0.42109375 0.021484375 0.078125
1 0.73203125 0.3890625 0.013671875 0.0484375
1 0.520703125 0.35625 0.015234375 0.0546875
1 0.532421875 0.38515625 0.01796875 0.0671875
1 0.447265625 0.4171875 0.0171875 0.07578125
1 0.462890625 0.41171875 0.022265625 0.0921875
1 0.665234375 0.40546875 0.015625 0.08828125
1 0.636328125 0.3734375 0.0203125 0.06171875
1 0.71171875 0.371875 0.022265625 0.0765625
0 0.5 0.34453125 0.1 0.059375