1 0.575 0.57109375 0.03125 0.115625
1 0.54765625 0.5703125 0.032421875 0.11953125
1 0.781640625 0.48125 0.02265625 0.06953125
1 0.326953125 0.5046875 0.020703125 0.08125
1 0.698046875 0.47265625 0.022265625 0.05703125
1 0.42734375 0.4671875 0.019140625 0.06484375
1 0.152734375 0.49765625 0.019140625 0.06875
1 0.477734375 0.47890625 0.020703125 0.06953125
1 0.53359375 0.51328125 0.019921875 0.071875
1 0.609765625 0.4796875 0.0171875 0.06796875
1 0.292578125 0.47578125 0.01796875 0.06015625
1 0.015625 0.5140625 0.0171875 0.09140625
1 0.036328125 0.49765625 0.020703125 0.0953125
1 0.21640625 0.471875 0.016015625 0.06953125
1 0.52109375 0.48046875 0.01484375 0.071875
1 0.549609375 0.459375 0.0140625 0.059375
1 0.56875 0.4625 0.0125 0.07265625
1 0.6875 0.46796875 0.014453125 0.06171875