1 0.5359375 0.440625 0.021875 0.075
1 0.340625 0.36875 0.023828125 0.05234375
1 0.237890625 0.4046875 0.01875 0.06328125
1 0.13359375 0.41640625 0.01953125 0.065625
1 0.162109375 0.33125 0.01953125 0.04296875
1 0.2953125 0.33984375 0.0140625 0.04921875
1 0.733984375 0.36796875 0.02734375 0.06484375
1 0.487109375 0.415625 0.030078125 0.09453125
1 0.673046875 0.3921875 0.01953125 0.06953125
1 0.224609375 0.3640625 0.018359375 0.0625
1 0.536328125 0.3796875 0.023828125 0.06875
1 0.217578125 0.3359375 0.01796875 0.05625
1 0.367578125 0.30625 0.0140625 0.05
2 0.60234375 0.42109375 0.012890625 0.02890625
0 0.361328125 0.29375 0.091015625 0.06796875