1 0.781640625 0.53984375 0.041015625 0.1609375
1 0.293359375 0.4375 0.021875 0.09140625
1 0.194921875 0.421875 0.019921875 0.0703125
1 0.841015625 0.46171875 0.025 0.10546875
1 0.244140625 0.38359375 0.013671875 0.0484375
1 0.603125 0.39375 0.015234375 0.05703125
1 0.212890625 0.3828125 0.0140625 0.05
1 0.681640625 0.3734375 0.014453125 0.04140625
1 0.4171875 0.40546875 0.01875 0.06171875
1 0.435546875 0.42265625 0.01796875 0.0609375
1 0.748828125 0.3859375 0.01640625 0.059375
1 0.356640625 0.3703125 0.0125 0.0828125
1 0.36796875 0.3875 0.012109375 0.0953125
1 0.36796875 0.34609375 0.0125 0.04921875
1 0.411328125 0.37109375 0.017578125 0.075
1 0.446875 0.36953125 0.0140625 0.071875
1 0.462890625 0.3671875 0.01171875 0.06875
1 0.49140625 0.35859375 0.021875 0.06015625
1 0.540234375 0.34921875 0.018359375 0.06953125
1 0.776171875 0.36484375 0.013671875 0.0640625
2 0.559765625 0.415625 0.0109375 0.02421875
0 0.335546875 0.3390625 0.094140625 0.059375