1 0.096484375 0.48359375 0.021484375 0.07109375
1 0.658984375 0.425 0.016015625 0.05625
1 0.33203125 0.49765625 0.0203125 0.08515625
1 0.267578125 0.45390625 0.014453125 0.06328125
1 0.93515625 0.58046875 0.040234375 0.16875
1 0.6015625 0.4734375 0.022265625 0.06875
1 0.621875 0.46875 0.02734375 0.07109375
1 0.390234375 0.45 0.01796875 0.0640625
1 0.402734375 0.43671875 0.016015625 0.0640625
1 0.541015625 0.4375 0.0171875 0.06328125
1 0.559375 0.4421875 0.01640625 0.06875
1 0.359765625 0.4640625 0.015625 0.071875
1 0.626953125 0.41875 0.016015625 0.05625
1 0.46875 0.4046875 0.015234375 0.04296875
1 0.549609375 0.40703125 0.0125 0.05234375
1 0.58828125 0.39765625 0.016015625 0.05
1 0.613671875 0.41171875 0.0109375 0.05703125
1 0.255078125 0.44765625 0.0171875 0.0734375
2 0.63046875 0.49296875 0.0109375 0.021875
0 0.471484375 0.390625 0.112890625 0.0625