1 0.443359375 0.53046875 0.0234375 0.11796875
1 0.171484375 0.5546875 0.032421875 0.1234375
1 0.0171875 0.48984375 0.025 0.08359375
1 0.471484375 0.46875 0.018359375 0.0796875
1 0.348828125 0.47421875 0.01953125 0.096875
1 0.317578125 0.45859375 0.018359375 0.0734375
1 0.65390625 0.459375 0.020703125 0.07265625
1 0.488671875 0.44140625 0.0171875 0.06796875
1 0.214453125 0.44375 0.021875 0.0609375
1 0.364453125 0.4359375 0.01640625 0.0671875
1 0.680859375 0.43828125 0.015625 0.0515625
1 0.95 0.49375 0.022265625 0.06796875
1 0.139453125 0.47734375 0.021484375 0.08671875
1 0.505078125 0.42109375 0.016796875 0.06015625
1 0.14140625 0.4203125 0.020703125 0.06015625
1 0.387890625 0.43671875 0.01953125 0.06171875
1 0.34453125 0.42421875 0.019921875 0.05859375
1 0.603515625 0.43203125 0.019140625 0.06015625
1 0.974609375 0.51484375 0.022265625 0.11875
0 0.109375 0.40859375 0.14609375 0.08359375