1 0.77109375 0.59375 0.035546875 0.1640625
1 0.843359375 0.5234375 0.026171875 0.11875
1 0.966796875 0.46953125 0.0234375 0.09140625
1 0.544921875 0.4375 0.022265625 0.06484375
1 0.34453125 0.446875 0.017578125 0.07734375
1 0.09375 0.484375 0.029296875 0.07890625
1 0.201953125 0.48515625 0.01953125 0.09609375
1 0.7203125 0.4375 0.01640625 0.065625
1 0.139453125 0.4421875 0.015234375 0.06015625
1 0.5859375 0.43359375 0.01875 0.059375
1 0.10703125 0.44140625 0.01875 0.06328125
1 0.401953125 0.4546875 0.0140625 0.0609375
1 0.44375 0.43359375 0.019140625 0.0609375
1 0.30234375 0.43359375 0.014453125 0.05390625
1 0.748046875 0.4125 0.026953125 0.06484375
1 0.489453125 0.39765625 0.0203125 0.06484375
1 0.440234375 0.4109375 0.016015625 0.053125
1 0.275390625 0.42578125 0.024609375 0.0875
1 0.266796875 0.4046875 0.018359375 0.0453125
1 0.35078125 0.41875 0.0296875 0.06484375
1 0.391015625 0.4109375 0.0109375 0.06796875
1 0.40234375 0.41328125 0.02109375 0.07109375
0 0.22421875 0.3875 0.12109375 0.07109375