1 0.862890625 0.434375 0.02265625 0.09453125
1 0.46875 0.440625 0.021484375 0.08359375
1 0.985546875 0.50859375 0.02578125 0.14296875
1 0.591015625 0.45546875 0.022265625 0.0984375
1 0.820703125 0.3984375 0.019140625 0.07734375
1 0.521875 0.41875 0.023046875 0.05390625
1 0.644921875 0.4203125 0.015234375 0.07421875
1 0.62109375 0.390625 0.01875 0.0640625
1 0.56171875 0.38359375 0.013671875 0.05546875
1 0.68515625 0.4171875 0.0265625 0.09375
1 0.68359375 0.3828125 0.02109375 0.0671875
1 0.642578125 0.3671875 0.027734375 0.0640625
1 0.512890625 0.3796875 0.023046875 0.06953125
1 0.724609375 0.38203125 0.016796875 0.0734375
1 0.737890625 0.36328125 0.02265625 0.06484375
2 0.5140625 0.44375 0.011328125 0.02421875
0 0.495703125 0.33359375 0.091796875 0.05625