1 0.17109375 0.4609375 0.020703125 0.0703125
1 0.30546875 0.4796875 0.018359375 0.07578125
1 0.50390625 0.44375 0.018359375 0.0671875
1 0.91640625 0.56953125 0.037890625 0.16015625
1 0.275390625 0.5203125 0.03125 0.10234375
1 0.92890625 0.40390625 0.01875 0.05625
1 0.5953125 0.43203125 0.015625 0.05390625
1 0.471875 0.4453125 0.019140625 0.0859375
1 0.3359375 0.46328125 0.023046875 0.05703125
1 0.54375 0.45703125 0.0171875 0.05703125
1 0.5640625 0.45390625 0.021875 0.0703125
1 0.47890625 0.41328125 0.01796875 0.05546875
1 0.3234375 0.4359375 0.017578125 0.06640625
1 0.376171875 0.403125 0.015625 0.05234375
1 0.525390625 0.4203125 0.01484375 0.0546875
1 0.512109375 0.396875 0.01328125 0.05859375
1 0.54296875 0.409375 0.01640625 0.053125
1 0.56796875 0.425 0.024609375 0.0640625
2 0.5796875 0.48359375 0.01015625 0.02578125
0 0.3703125 0.38984375 0.115234375 0.07734375