1 0.770703125 0.4828125 0.0203125 0.06796875
1 0.112109375 0.4765625 0.020703125 0.08671875
1 0.24375 0.55078125 0.03203125 0.1296875
1 0.30703125 0.46015625 0.025 0.11796875
1 0.4875 0.4546875 0.01640625 0.0734375
1 0.134765625 0.50625 0.026171875 0.09296875
1 0.434375 0.43984375 0.01796875 0.05625
1 0.520703125 0.43671875 0.017578125 0.046875
1 0.18984375 0.44765625 0.016796875 0.06328125
1 0.14921875 0.42734375 0.0203125 0.078125
1 0.19609375 0.44765625 0.016796875 0.06640625
1 0.805859375 0.48515625 0.0234375 0.065625
1 0.169140625 0.4453125 0.019140625 0.06796875
1 0.796484375 0.471875 0.023828125 0.07734375
1 0.307421875 0.4203125 0.0125 0.0515625
1 0.315234375 0.43671875 0.01796875 0.0765625