1 0.0703125 0.471875 0.026171875 0.0828125
1 0.264453125 0.55234375 0.03984375 0.12265625
1 0.5484375 0.4546875 0.02265625 0.06640625
1 0.406640625 0.4578125 0.019921875 0.0890625
1 0.501171875 0.440625 0.023828125 0.0796875
1 0.893359375 0.41015625 0.01875 0.06015625
1 0.9328125 0.5703125 0.041015625 0.15546875
1 0.453515625 0.42734375 0.01640625 0.06875
1 0.248046875 0.44921875 0.025390625 0.0875
1 0.572265625 0.446875 0.02578125 0.078125
1 0.4203125 0.425 0.016796875 0.0625
1 0.484765625 0.415625 0.018359375 0.071875
1 0.2875 0.40859375 0.023828125 0.0671875
1 0.276953125 0.45390625 0.019921875 0.07890625
1 0.2625 0.484375 0.022265625 0.0921875
1 0.526171875 0.4125 0.020703125 0.0703125
1 0.493359375 0.421875 0.016015625 0.06640625
1 0.566796875 0.4390625 0.017578125 0.0609375
2 0.59140625 0.47734375 0.010546875 0.02265625
0 0.2671875 0.3890625 0.141015625 0.0953125