1 0.64140625 0.5734375 0.02890625 0.11875
1 0.87578125 0.49453125 0.025 0.07109375
1 0.065625 0.528125 0.023828125 0.09375
1 0.563671875 0.5265625 0.021484375 0.0921875
1 0.603515625 0.56875 0.0234375 0.109375
1 0.398046875 0.4765625 0.018359375 0.065625
1 0.255859375 0.47890625 0.01875 0.075
1 0.652734375 0.48984375 0.020703125 0.0625
1 0.296875 0.50625 0.022265625 0.0859375
1 0.734765625 0.471875 0.0203125 0.06328125
1 0.620703125 0.478125 0.019140625 0.071875
1 0.633203125 0.4734375 0.015625 0.06875
1 0.519921875 0.4796875 0.023046875 0.07265625
1 0.1328125 0.509375 0.01953125 0.07421875
1 0.484765625 0.46796875 0.01875 0.07421875
1 0.991015625 0.48125 0.017578125 0.065625
1 0.09765625 0.5015625 0.022265625 0.09921875
1 0.31484375 0.478125 0.016796875 0.05625
1 0.507421875 0.4765625 0.01484375 0.06015625
1 0.5578125 0.48359375 0.017578125 0.07421875
1 0.588671875 0.46328125 0.012890625 0.05625
1 0.749609375 0.47265625 0.019921875 0.06796875