1 0.441796875 0.43828125 0.02109375 0.08828125
1 0.95 0.48671875 0.0328125 0.12265625
1 0.984765625 0.5109375 0.030078125 0.1640625
1 0.575390625 0.4578125 0.025 0.1109375
1 0.31328125 0.4046875 0.0234375 0.0640625
1 0.82265625 0.41875 0.02265625 0.128125
1 0.665625 0.37265625 0.01328125 0.046875
1 0.693359375 0.4015625 0.021875 0.07109375
1 0.465234375 0.37578125 0.01875 0.0671875
1 0.510546875 0.38046875 0.023828125 0.07109375
1 0.51640625 0.3390625 0.0140625 0.04453125
1 0.5625 0.3984375 0.02109375 0.0875
1 0.594140625 0.3484375 0.013671875 0.05859375
1 0.6015625 0.3765625 0.018359375 0.0765625
1 0.705859375 0.37265625 0.013671875 0.07890625
1 0.716015625 0.353125 0.0203125 0.07265625
1 0.99453125 0.39453125 0.0109375 0.0953125
1 0.329296875 0.39921875 0.0234375 0.071875
2 0.3 0.43359375 0.012890625 0.03359375
0 0.48671875 0.3265625 0.087890625 0.06015625