1 0.044921875 0.41328125 0.024609375 0.06640625
1 0.49609375 0.50234375 0.023828125 0.09921875
1 0.244921875 0.44765625 0.017578125 0.06953125
1 0.357421875 0.3859375 0.0171875 0.053125
1 0.56796875 0.4734375 0.01953125 0.07421875
1 0.55390625 0.4203125 0.01875 0.0609375
1 0.695703125 0.75390625 0.04140625 0.20859375
1 0.1765625 0.446875 0.02109375 0.06171875
1 0.293359375 0.409375 0.019140625 0.0671875
1 0.80625 0.4203125 0.03046875 0.0671875
1 0.50390625 0.41875 0.01796875 0.0640625
1 0.240234375 0.38046875 0.012890625 0.05078125
1 0.58203125 0.41328125 0.02421875 0.07265625
1 0.489453125 0.409375 0.022265625 0.06875
1 0.225390625 0.3875 0.01953125 0.05703125
1 0.38828125 0.3578125 0.01796875 0.04921875
0 0.365234375 0.3375 0.11171875 0.0796875