1 0.19453125 0.5125 0.032421875 0.12734375
1 0.15234375 0.4578125 0.026953125 0.0875
1 0.262109375 0.58203125 0.044921875 0.1453125
1 0.840625 0.41484375 0.021484375 0.06640625
1 0.6015625 0.4484375 0.02578125 0.08125
1 0.47265625 0.4375 0.02421875 0.0828125
1 0.339453125 0.46796875 0.024609375 0.09765625
1 0.45 0.43671875 0.020703125 0.07734375
1 0.98671875 0.57890625 0.026171875 0.15234375
1 0.5734375 0.45078125 0.019140625 0.075
1 0.350390625 0.43515625 0.021875 0.08828125
1 0.55625 0.4484375 0.02265625 0.065625
1 0.52890625 0.4140625 0.02265625 0.0765625
1 0.191796875 0.46328125 0.030859375 0.09375
1 0.163671875 0.4140625 0.01953125 0.07890625
2 0.612890625 0.4796875 0.011328125 0.0265625
0 0.129296875 0.3984375 0.171875 0.10625