1 0.80078125 0.6171875 0.03828125 0.178125
1 0.89140625 0.55390625 0.030078125 0.1375
1 0.976953125 0.49609375 0.02265625 0.09765625
1 0.3859375 0.47265625 0.0203125 0.07734375
1 0.240234375 0.47421875 0.031640625 0.0984375
1 0.007421875 0.48046875 0.014453125 0.0796875
1 0.1296875 0.52734375 0.0296875 0.11171875
1 0.319921875 0.45390625 0.01796875 0.05625
1 0.1359375 0.43828125 0.015234375 0.04296875
1 0.294921875 0.446875 0.018359375 0.06328125
1 0.1921875 0.46171875 0.016015625 0.0703125
1 0.419921875 0.45 0.012890625 0.040625
1 0.350390625 0.4515625 0.015234375 0.05625
1 0.717578125 0.46796875 0.023828125 0.09765625
1 0.498046875 0.459375 0.0203125 0.06171875
1 0.467578125 0.421875 0.013671875 0.065625
1 0.477734375 0.45234375 0.015625 0.08125
1 0.726953125 0.4359375 0.019140625 0.06640625
1 0.24609375 0.4578125 0.0203125 0.078125
0 0.063671875 0.41328125 0.12734375 0.1