1 0.709765625 0.575 0.027734375 0.1203125
1 0.95 0.4984375 0.020703125 0.0671875
1 0.665625 0.56953125 0.025390625 0.1125
1 0.61484375 0.528125 0.02265625 0.08515625
1 0.423828125 0.47734375 0.018359375 0.0625
1 0.137890625 0.5328125 0.02578125 0.08125
1 0.815625 0.47578125 0.019140625 0.065625
1 0.7171875 0.49375 0.019921875 0.06328125
1 0.326171875 0.50234375 0.022265625 0.07265625
1 0.7703125 0.47578125 0.0203125 0.0609375
1 0.595703125 0.4953125 0.018359375 0.0703125
1 0.641015625 0.47890625 0.020703125 0.06796875
1 0.371484375 0.48125 0.0171875 0.0609375
1 0.1703125 0.5078125 0.01484375 0.071875
1 0.1515625 0.50390625 0.01953125 0.07890625
1 0.316015625 0.475 0.015625 0.0640625
1 0.55703125 0.48203125 0.016015625 0.05625
1 0.566796875 0.47734375 0.01875 0.0625
1 0.63203125 0.46171875 0.0140625 0.05234375
1 0.677734375 0.4703125 0.016015625 0.0625