1 0.40703125 0.43984375 0.01953125 0.09609375
1 0.966015625 0.5125 0.029296875 0.146875
1 0.66328125 0.4 0.019921875 0.07109375
1 0.270703125 0.40390625 0.018359375 0.0625
1 0.908203125 0.48046875 0.026953125 0.12109375
1 0.50859375 0.45546875 0.03515625 0.1
1 0.97890625 0.40390625 0.01953125 0.08359375
1 0.5234375 0.3953125 0.01796875 0.06875
1 0.64296875 0.36796875 0.011328125 0.053125
1 0.695703125 0.3703125 0.015625 0.0578125
1 0.7890625 0.43359375 0.023046875 0.096875
1 0.80546875 0.371875 0.01640625 0.05859375
1 0.470703125 0.37265625 0.01484375 0.05234375
1 0.57265625 0.3703125 0.016796875 0.05703125
1 0.505078125 0.33828125 0.01484375 0.04453125
1 0.44453125 0.36640625 0.0171875 0.05703125
1 0.251953125 0.40625 0.0203125 0.0578125
2 0.2765625 0.4296875 0.01328125 0.021875
0 0.48203125 0.3234375 0.08671875 0.05703125