1 0.25625 0.5984375 0.0390625 0.15078125
1 0.108984375 0.48515625 0.020703125 0.09453125
1 0.39609375 0.4453125 0.022265625 0.08515625
1 0.58203125 0.4640625 0.02578125 0.0640625
1 0.24375 0.45078125 0.01796875 0.07421875
1 0.1375 0.5375 0.031640625 0.12890625
1 0.976953125 0.5703125 0.04609375 0.159375
1 0.27578125 0.49609375 0.023046875 0.07265625
1 0.48984375 0.4296875 0.01953125 0.0734375
1 0.7390625 0.42890625 0.0203125 0.0671875
1 0.537890625 0.453125 0.02109375 0.06640625
1 0.055078125 0.465625 0.026171875 0.0984375
1 0.56328125 0.46015625 0.018359375 0.06640625
1 0.52265625 0.4328125 0.01953125 0.078125
1 0.041796875 0.4328125 0.020703125 0.07109375
1 0.273828125 0.43828125 0.022265625 0.0765625
2 0.58125 0.4890625 0.0109375 0.021875
0 0.04609375 0.4140625 0.0921875 0.10625