1 0.894921875 0.55625 0.0296875 0.13203125
1 0.8078125 0.6125 0.037890625 0.178125
1 0.96875 0.5046875 0.025390625 0.09921875
1 0.143359375 0.5328125 0.027734375 0.1171875
1 0.408984375 0.475 0.019140625 0.08203125
1 0.293359375 0.46171875 0.016796875 0.065625
1 0.5375 0.46640625 0.016796875 0.065625
1 0.237890625 0.48828125 0.03046875 0.09453125
1 0.31796875 0.45078125 0.0171875 0.06640625
1 0.68671875 0.47890625 0.021875 0.11015625
1 0.487109375 0.45234375 0.016796875 0.0671875
1 0.462109375 0.45390625 0.01796875 0.0625
1 0.1765625 0.4671875 0.018359375 0.07421875
1 0.2734375 0.45625 0.01796875 0.08046875
1 0.2296875 0.4625 0.019921875 0.0734375
1 0.09921875 0.4359375 0.0171875 0.071875
1 0.42421875 0.44609375 0.01484375 0.07421875
1 0.691796875 0.446875 0.012890625 0.0640625
0 0.04296875 0.43046875 0.085546875 0.0984375