1 0.153515625 0.54609375 0.03046875 0.1234375
1 0.105078125 0.496875 0.0234375 0.0921875
1 0.9640625 0.56328125 0.0375 0.16015625
1 0.2984375 0.6015625 0.048828125 0.146875
1 0.34453125 0.4546875 0.025390625 0.07890625
1 0.258984375 0.4984375 0.02109375 0.08515625
1 0.20234375 0.46015625 0.01875 0.08046875
1 0.044140625 0.47265625 0.021484375 0.09375
1 0.248828125 0.4515625 0.021484375 0.07890625
1 0.39140625 0.45 0.0203125 0.0734375
1 0.5265625 0.4609375 0.034375 0.09609375
1 0.694921875 0.43515625 0.01796875 0.065625
1 0.49375 0.43828125 0.023046875 0.08203125
1 0.51875 0.43046875 0.023828125 0.059375
2 0.490234375 0.503125 0.01640625 0.03359375
0 0.02265625 0.41875 0.0453125 0.128125