1 0.50859375 0.4375 0.021484375 0.05859375
1 0.44765625 0.46015625 0.0234375 0.05546875
1 0.019921875 0.43359375 0.02578125 0.0625
1 0.6625 0.4234375 0.018359375 0.05703125
1 0.553515625 0.56875 0.036328125 0.1125
1 0.471484375 0.409375 0.0171875 0.0578125
1 0.426171875 0.42109375 0.015234375 0.0578125
1 0.080078125 0.47578125 0.021484375 0.08671875
1 0.5953125 0.453125 0.02421875 0.0609375
1 0.61875 0.434375 0.018359375 0.06875
1 0.192578125 0.42734375 0.024609375 0.06015625
1 0.371484375 0.40078125 0.014453125 0.05078125
1 0.5671875 0.4328125 0.017578125 0.0609375
1 0.35859375 0.4671875 0.016796875 0.06640625
1 0.9875 0.45703125 0.024609375 0.08203125
1 0.3515625 0.4171875 0.017578125 0.05625
1 0.0796875 0.409375 0.021484375 0.0609375
1 0.860546875 0.83046875 0.04609375 0.22890625
1 0.52890625 0.484375 0.0234375 0.0609375
1 0.503125 0.3796875 0.019921875 0.05703125
2 0.489453125 0.45859375 0.01015625 0.0203125
0 0.492578125 0.35859375 0.1078125 0.08203125