1 0.653515625 0.49765625 0.026171875 0.0875
1 0.819921875 0.58515625 0.037109375 0.14453125
1 0.912109375 0.5484375 0.02734375 0.11875
1 0.216015625 0.5296875 0.0234375 0.10546875
1 0.044921875 0.5359375 0.026171875 0.10078125
1 0.944921875 0.509375 0.02109375 0.09453125
1 0.42578125 0.4765625 0.020703125 0.078125
1 0.008984375 0.48671875 0.017578125 0.0828125
1 0.339453125 0.46875 0.016015625 0.059375
1 0.26484375 0.490625 0.01953125 0.084375
1 0.0296875 0.490625 0.01953125 0.0796875
1 0.17734375 0.47265625 0.016015625 0.06640625
1 0.504296875 0.4484375 0.019921875 0.0578125
1 0.113671875 0.45625 0.015234375 0.06796875
1 0.205859375 0.47578125 0.022265625 0.08125
1 0.267578125 0.4609375 0.01640625 0.0765625
1 0.321875 0.45078125 0.01875 0.075
1 0.43828125 0.4515625 0.0203125 0.0765625
1 0.476953125 0.446875 0.022265625 0.0671875
1 0.6015625 0.45859375 0.017578125 0.0734375
1 0.696875 0.45703125 0.01875 0.0734375
2 0.49609375 0.4671875 0.00703125 0.01953125
0 0.04921875 0.4359375 0.098046875 0.09765625