1 0.379296875 0.4734375 0.02265625 0.06796875
1 0.55625 0.4515625 0.0296875 0.0625
1 0.42265625 0.4328125 0.017578125 0.05703125
1 0.619921875 0.44375 0.01640625 0.06171875
1 0.68203125 0.44453125 0.02109375 0.071875
1 0.56875 0.38515625 0.01640625 0.0453125
1 0.133203125 0.41484375 0.019921875 0.0625
1 0.23359375 0.43125 0.02109375 0.06171875
1 0.48203125 0.453125 0.019921875 0.05390625
1 0.028515625 0.4390625 0.023046875 0.065625
1 0.1515625 0.46953125 0.020703125 0.0828125
1 0.934765625 0.8421875 0.065625 0.18984375
1 0.512109375 0.62109375 0.031640625 0.13984375
1 0.530859375 0.41640625 0.016796875 0.05859375
1 0.50078125 0.43671875 0.019140625 0.06328125
1 0.398828125 0.4078125 0.01484375 0.05078125
1 0.4921875 0.425 0.01796875 0.0734375
1 0.496875 0.51875 0.023046875 0.08984375
1 0.68984375 0.42421875 0.02265625 0.06953125
0 0.5734375 0.36171875 0.113671875 0.0890625