1 0.13203125 0.4625 0.024609375 0.08828125
1 0.18046875 0.534375 0.027734375 0.12109375
1 0.421484375 0.5796875 0.034375 0.1453125
1 0.98046875 0.5625 0.0390625 0.159375
1 0.545703125 0.45 0.024609375 0.0671875
1 0.73984375 0.43046875 0.01875 0.06953125
1 0.29765625 0.4921875 0.023828125 0.09609375
1 0.344921875 0.45390625 0.024609375 0.06953125
1 0.238671875 0.45859375 0.021484375 0.071875
1 0.4375 0.47109375 0.032421875 0.096875
1 0.3 0.4484375 0.024609375 0.0796875
1 0.51796875 0.43203125 0.019140625 0.07734375
1 0.03203125 0.4359375 0.01953125 0.06875
1 0.182421875 0.4671875 0.021484375 0.06953125
1 0.41328125 0.46875 0.033984375 0.084375
1 0.429296875 0.45234375 0.01953125 0.0796875
1 0.548828125 0.421875 0.019140625 0.07734375
2 0.388671875 0.50859375 0.01640625 0.02421875
0 0.0484375 0.41875 0.096875 0.103125