1 0.74375 0.4875 0.01875 0.09296875
1 0.506640625 0.47578125 0.019921875 0.08515625
1 0.89921875 0.53125 0.028515625 0.1171875
1 0.4828125 0.48125 0.018359375 0.08828125
1 0.944921875 0.46875 0.01875 0.08203125
1 0.67421875 0.459375 0.01953125 0.0734375
1 0.432421875 0.4890625 0.015234375 0.09609375
1 0.6875 0.43515625 0.020703125 0.0609375
1 0.8875 0.42578125 0.016796875 0.06484375
1 0.970703125 0.44921875 0.012109375 0.08359375
1 0.4484375 0.48984375 0.023828125 0.0984375
2 0.534765625 0.5125 0.012890625 0.03203125
2 0.5765625 0.51875 0.013671875 0.0265625
0 0.972265625 0.41328125 0.055078125 0.1