1 0.239453125 0.5328125 0.030859375 0.1125
1 0.091015625 0.48828125 0.021875 0.09140625
1 0.46796875 0.45078125 0.028515625 0.0765625
1 0.5359375 0.56171875 0.031640625 0.14296875
1 0.04609375 0.48984375 0.022265625 0.103125
1 0.603515625 0.45 0.025390625 0.0640625
1 0.32578125 0.45390625 0.021484375 0.09453125
1 0.3984375 0.49296875 0.023046875 0.103125
1 0.8390625 0.43203125 0.01953125 0.06796875
1 0.576171875 0.4375 0.01953125 0.07890625
1 0.2578125 0.4609375 0.021875 0.0734375
1 0.27265625 0.47421875 0.021875 0.08984375
1 0.612890625 0.43515625 0.02109375 0.0734375
1 0.27578125 0.45625 0.0203125 0.065625
1 0.136328125 0.434375 0.02265625 0.07109375
1 0.37890625 0.46953125 0.01640625 0.08984375
1 0.35703125 0.47421875 0.017578125 0.08671875
1 0.36875 0.4609375 0.01640625 0.11640625
2 0.42890625 0.484375 0.009765625 0.025
0 0.115234375 0.41640625 0.17265625 0.10234375