1 0.9265625 0.490625 0.026171875 0.12109375
1 0.67734375 0.4140625 0.02109375 0.0796875
1 0.974609375 0.39375 0.021484375 0.06484375
1 0.328125 0.3953125 0.015234375 0.05703125
1 0.814453125 0.44453125 0.030859375 0.10390625
1 0.30078125 0.40078125 0.015625 0.05234375
1 0.991015625 0.521875 0.017578125 0.14140625
1 0.455078125 0.40546875 0.016015625 0.05703125
1 0.31328125 0.45703125 0.022265625 0.0984375
1 0.46796875 0.3859375 0.01640625 0.06484375
1 0.84921875 0.38515625 0.017578125 0.059375
1 0.709765625 0.38125 0.01328125 0.04921875
1 0.5390625 0.37890625 0.01875 0.05078125
1 0.642578125 0.36015625 0.018359375 0.05390625
1 0.51328125 0.36875 0.0140625 0.053125
1 0.4578125 0.3796875 0.015234375 0.06640625
1 0.512109375 0.3421875 0.012109375 0.04296875
1 0.537109375 0.359375 0.019921875 0.0515625
2 0.4328125 0.42578125 0.013671875 0.025
0 0.497265625 0.33203125 0.08828125 0.05703125