1 0.827734375 0.57109375 0.029296875 0.14296875
1 0.939453125 0.5375 0.026171875 0.11484375
1 0.265625 0.5140625 0.0234375 0.1015625
1 0.369140625 0.4609375 0.01640625 0.059375
1 0.04296875 0.47578125 0.018359375 0.07734375
1 0.0921875 0.52109375 0.02421875 0.096875
1 0.2078125 0.46171875 0.016796875 0.0609375
1 0.507421875 0.44296875 0.0203125 0.06796875
1 0.449609375 0.46328125 0.019140625 0.07109375
1 0.65234375 0.490625 0.01796875 0.08203125
1 0.33359375 0.44765625 0.0203125 0.078125
1 0.43046875 0.46953125 0.01953125 0.071875
1 0.719921875 0.453125 0.017578125 0.0609375
1 0.067578125 0.4765625 0.0203125 0.08359375
1 0.4796875 0.4484375 0.01640625 0.0546875
1 0.1828125 0.4578125 0.02109375 0.084375
1 0.134765625 0.446875 0.01953125 0.06484375
1 0.27890625 0.47890625 0.018359375 0.0734375
1 0.278515625 0.446875 0.01953125 0.07109375
1 0.435546875 0.446875 0.016796875 0.07109375
1 0.619140625 0.45 0.019140625 0.0703125
1 0.94609375 0.49296875 0.021484375 0.09765625
0 0.061328125 0.4296875 0.12265625 0.103125