1 0.64609375 0.484375 0.020703125 0.08671875
1 0.631640625 0.45078125 0.0171875 0.06328125
1 0.828125 0.51796875 0.0265625 0.1109375
1 0.438671875 0.47734375 0.0203125 0.0828125
1 0.394140625 0.4828125 0.016796875 0.09140625
1 0.9078125 0.46953125 0.024609375 0.07421875
1 0.46796875 0.475 0.021484375 0.071875
1 0.606640625 0.43828125 0.015234375 0.06640625
1 0.841015625 0.4203125 0.0125 0.06328125
1 0.896875 0.44140625 0.01484375 0.059375
1 0.40625 0.48515625 0.01484375 0.096875
2 0.493359375 0.50234375 0.015625 0.0265625
2 0.441015625 0.5109375 0.009375 0.021875
0 0.933203125 0.4171875 0.133203125 0.115625