1 0.53984375 0.57734375 0.028515625 0.1375
1 0.426171875 0.515625 0.025 0.1015625
1 0.51953125 0.45859375 0.02109375 0.06484375
1 0.0703125 0.509375 0.021484375 0.0921875
1 0.845703125 0.453125 0.019921875 0.07421875
1 0.4046875 0.46953125 0.020703125 0.07421875
1 0.571484375 0.47109375 0.027734375 0.07109375
1 0.331640625 0.48359375 0.01953125 0.078125
1 0.2078125 0.54921875 0.030078125 0.1171875
1 0.143359375 0.496875 0.02109375 0.08828125
1 0.3546875 0.496875 0.025390625 0.0859375
1 0.29453125 0.5046875 0.026171875 0.10078125
1 0.3703125 0.4703125 0.01953125 0.07109375
1 0.15625 0.45234375 0.02265625 0.0671875
1 0.30234375 0.46640625 0.022265625 0.07578125
1 0.576171875 0.44609375 0.026953125 0.07109375
1 0.284765625 0.48984375 0.018359375 0.08984375
1 0.271875 0.478125 0.01953125 0.09921875
2 0.400390625 0.4953125 0.0109375 0.021875
0 0.12109375 0.4421875 0.166015625 0.09453125