1 0.776953125 0.41484375 0.020703125 0.0890625
1 0.91796875 0.49453125 0.044140625 0.13046875
1 0.84609375 0.46328125 0.040234375 0.1
1 0.3 0.43125 0.023046875 0.08046875
1 0.960546875 0.3921875 0.017578125 0.075
1 0.8078125 0.3640625 0.01640625 0.05703125
1 0.293359375 0.390625 0.021484375 0.0546875
1 0.464453125 0.3640625 0.02109375 0.05546875
1 0.443359375 0.38203125 0.019921875 0.06484375
1 0.657421875 0.36015625 0.015625 0.0484375
1 0.635546875 0.38828125 0.015234375 0.0671875
1 0.900390625 0.36796875 0.017578125 0.0578125
1 0.640625 0.38359375 0.01640625 0.0671875
1 0.348828125 0.3765625 0.01796875 0.0515625
1 0.49140625 0.334375 0.0140625 0.04921875
1 0.594140625 0.3390625 0.012890625 0.0515625
1 0.505859375 0.35078125 0.016015625 0.06484375
2 0.35703125 0.39453125 0.012109375 0.01875
0 0.475390625 0.3171875 0.08828125 0.05390625