1 0.950390625 0.53359375 0.022265625 0.10546875
1 0.83515625 0.56328125 0.02734375 0.1375
1 0.647265625 0.49453125 0.022265625 0.09140625
1 0.495703125 0.46015625 0.01875 0.065625
1 0.308984375 0.5078125 0.02421875 0.09765625
1 0.119921875 0.5125 0.021875 0.09375
1 0.28515625 0.48203125 0.0203125 0.084375
1 0.07734375 0.471875 0.022265625 0.07578125
1 0.228515625 0.45390625 0.01953125 0.078125
1 0.296875 0.44609375 0.02109375 0.0671875
1 0.43984375 0.46328125 0.01796875 0.06875
1 0.19140625 0.45625 0.020703125 0.0765625
1 0.344140625 0.44453125 0.0203125 0.07734375
1 0.3765625 0.45625 0.016796875 0.05546875
1 0.73046875 0.4484375 0.019921875 0.06484375
1 0.45390625 0.4515625 0.01875 0.075
1 0.621484375 0.44921875 0.022265625 0.0734375
1 0.144140625 0.44453125 0.0171875 0.0703125
1 0.525 0.44375 0.01484375 0.05859375
1 0.538671875 0.43359375 0.015234375 0.071875
1 0.946875 0.4828125 0.023046875 0.08671875
2 0.539453125 0.4578125 0.008203125 0.02265625
0 0.070703125 0.43125 0.14140625 0.09375