1 0.522265625 0.43984375 0.021484375 0.06484375
1 0.3078125 0.4453125 0.019140625 0.06484375
1 0.05546875 0.43671875 0.016796875 0.05625
1 0.64296875 0.446875 0.019921875 0.0640625
1 0.2609375 0.45546875 0.021484375 0.06796875
1 0.73046875 0.47578125 0.020703125 0.06953125
1 0.809765625 0.48671875 0.022265625 0.0828125
1 0.60546875 0.421875 0.015625 0.05390625
1 0.548828125 0.42109375 0.015625 0.05546875
1 0.384765625 0.47109375 0.019921875 0.0703125
1 0.764453125 0.44609375 0.02109375 0.0640625
1 0.31171875 0.68984375 0.032421875 0.159375
1 0.230859375 0.4234375 0.01796875 0.0546875
1 0.5015625 0.44921875 0.025 0.0640625
1 0.717578125 0.39375 0.017578125 0.0546875
1 0.353125 0.57421875 0.03046875 0.09453125
1 0.485546875 0.43671875 0.019921875 0.06953125
1 0.48984375 0.409375 0.022265625 0.05234375
2 0.4734375 0.43203125 0.00703125 0.02265625
0 0.754296875 0.36953125 0.115625 0.0890625