1 0.569140625 0.35234375 0.01640625 0.06171875
1 0.7 0.428125 0.02890625 0.09140625
1 0.85546875 0.35 0.015625 0.0671875
1 0.728515625 0.4359375 0.029296875 0.103125
1 0.721484375 0.32890625 0.01484375 0.05
1 0.38828125 0.34921875 0.016796875 0.05859375
1 0.71015625 0.3609375 0.016796875 0.06484375
1 0.5890625 0.33125 0.0140625 0.0515625
1 0.90390625 0.33125 0.016015625 0.04609375
1 0.546484375 0.30859375 0.012109375 0.05390625
1 0.82265625 0.33046875 0.02265625 0.0578125
1 0.32421875 0.33125 0.021875 0.059375
1 0.31640625 0.34765625 0.013671875 0.05078125
1 0.32734375 0.38125 0.017578125 0.08125
1 0.475390625 0.31484375 0.0109375 0.05546875
1 0.484375 0.31796875 0.008203125 0.05390625
1 0.42421875 0.34296875 0.011328125 0.05703125
1 0.4359375 0.325 0.015625 0.0609375
1 0.453125 0.30078125 0.0125 0.03828125
2 0.333203125 0.40625 0.012109375 0.02734375
0 0.44375 0.2890625 0.076953125 0.0515625