1 0.726953125 0.52109375 0.025 0.090625
1 0.946484375 0.48203125 0.01953125 0.065625
1 0.828125 0.50625 0.025390625 0.06640625
1 0.687109375 0.54453125 0.02734375 0.10234375
1 0.3234375 0.4828125 0.019140625 0.07421875
1 0.783203125 0.4734375 0.012890625 0.075
1 0.578515625 0.47265625 0.019140625 0.05625
1 0.25625 0.5125 0.01953125 0.08359375
1 0.69140625 0.4765625 0.020703125 0.0859375
1 0.509375 0.47421875 0.01953125 0.0796875
1 0.516015625 0.475 0.016015625 0.06484375
1 0.483203125 0.49140625 0.01875 0.07265625
1 0.371875 0.48125 0.02109375 0.07734375
1 0.49609375 0.471875 0.016796875 0.059375
1 0.615234375 0.47265625 0.013671875 0.05625
1 0.655859375 0.46875 0.015625 0.0640625
1 0.662890625 0.48125 0.015234375 0.06953125
1 0.666796875 0.5421875 0.025 0.1
1 0.795703125 0.47421875 0.018359375 0.0671875