1 0.226953125 0.546875 0.031640625 0.09375
1 0.43359375 0.609375 0.025 0.13828125
1 0.2046875 0.5140625 0.01953125 0.07578125
1 0.892578125 0.60546875 0.03671875 0.1484375
1 0.0625 0.58515625 0.032421875 0.115625
1 0.340234375 0.54296875 0.025390625 0.09453125
1 0.27890625 0.528125 0.0265625 0.0953125
1 0.041015625 0.525 0.021484375 0.0828125
1 0.7359375 0.48828125 0.019140625 0.06953125
1 0.17578125 0.525 0.02109375 0.09140625
1 0.091015625 0.4984375 0.0234375 0.05625
1 0.425 0.49375 0.01953125 0.078125
1 0.260546875 0.49453125 0.025390625 0.0640625
1 0.32578125 0.48828125 0.01953125 0.0640625
1 0.930859375 0.46015625 0.019140625 0.0609375
1 0.28359375 0.50625 0.02109375 0.0828125
1 0.435546875 0.49453125 0.02109375 0.084375
1 0.1625 0.49765625 0.0171875 0.07890625
0 0.04609375 0.4765625 0.0921875 0.1