1 0.848828125 0.5515625 0.02734375 0.13125
1 0.949609375 0.5203125 0.02109375 0.1078125
1 0.356640625 0.503125 0.02578125 0.096875
1 0.09453125 0.46328125 0.019921875 0.07265625
1 0.28828125 0.48515625 0.02109375 0.08359375
1 0.14765625 0.50546875 0.0203125 0.0890625
1 0.63046875 0.49140625 0.019140625 0.08828125
1 0.25859375 0.45390625 0.017578125 0.06328125
1 0.45859375 0.4609375 0.016015625 0.0671875
1 0.658984375 0.4484375 0.022265625 0.07734375
1 0.359765625 0.44296875 0.0203125 0.0671875
1 0.319140625 0.44765625 0.020703125 0.07109375
1 0.497265625 0.44609375 0.01875 0.0640625
1 0.383203125 0.45078125 0.015234375 0.05703125
1 0.540234375 0.4484375 0.0171875 0.05859375
1 0.74375 0.44375 0.0171875 0.059375
1 0.144140625 0.4515625 0.02578125 0.07734375
1 0.1921875 0.44921875 0.01953125 0.0796875
1 0.546484375 0.43515625 0.00546875 0.04453125
1 0.55859375 0.43359375 0.015234375 0.0515625
1 0.9546875 0.4875 0.019921875 0.09296875
1 0.110546875 0.46484375 0.023046875 0.078125
2 0.582421875 0.45234375 0.006640625 0.01953125
0 0.07265625 0.43203125 0.144921875 0.096875