1 0.754296875 0.51796875 0.019921875 0.0921875
1 0.5125 0.4875 0.0234375 0.0734375
1 0.8484375 0.5 0.026171875 0.071875
1 0.64296875 0.47734375 0.020703125 0.075
1 0.669140625 0.5453125 0.019140625 0.0984375
1 0.55078125 0.47578125 0.02265625 0.06015625
1 0.7265625 0.471875 0.01953125 0.07421875
1 0.82265625 0.471875 0.022265625 0.078125
1 0.69140625 0.47109375 0.009375 0.07265625
1 0.2953125 0.503125 0.022265625 0.084375
1 0.679296875 0.48203125 0.02109375 0.0609375
1 0.43671875 0.48515625 0.018359375 0.05546875
1 0.3671875 0.47734375 0.01953125 0.07109375
1 0.601953125 0.47578125 0.020703125 0.06328125
1 0.9625 0.47890625 0.020703125 0.08828125
1 0.70546875 0.46484375 0.01328125 0.0703125
1 0.6890625 0.54296875 0.03671875 0.1046875