1 0.519921875 0.453125 0.018359375 0.06796875
1 0.273828125 0.4796875 0.029296875 0.08828125
1 0.321484375 0.4734375 0.021875 0.0875
1 0.444921875 0.48671875 0.02265625 0.08515625
1 0.67734375 0.50859375 0.024609375 0.1078125
1 0.816015625 0.4671875 0.019921875 0.071875
1 0.425390625 0.4609375 0.022265625 0.078125
1 0.412890625 0.4359375 0.01875 0.07109375
1 0.92734375 0.43515625 0.01640625 0.06953125
1 0.737890625 0.4421875 0.01484375 0.06015625
2 0.326953125 0.50703125 0.01015625 0.02109375
2 0.974609375 0.46171875 0.009765625 0.02734375
2 0.53671875 0.484375 0.012890625 0.0234375
0 0.787109375 0.41484375 0.157421875 0.10390625