1 0.875 0.55234375 0.026171875 0.1296875
1 0.167578125 0.50546875 0.021875 0.0890625
1 0.946484375 0.52265625 0.022265625 0.09921875
1 0.53671875 0.45234375 0.02265625 0.07890625
1 0.612890625 0.49375 0.020703125 0.08671875
1 0.392578125 0.50625 0.02265625 0.09453125
1 0.266796875 0.459375 0.0171875 0.06484375
1 0.293359375 0.49296875 0.020703125 0.08828125
1 0.128515625 0.46953125 0.02265625 0.0703125
1 0.6828125 0.45 0.01875 0.0609375
1 0.1828125 0.46015625 0.022265625 0.08515625
1 0.47265625 0.46015625 0.019140625 0.07890625
1 0.969140625 0.4828125 0.01953125 0.0765625
1 0.330859375 0.4546875 0.021875 0.08359375
1 0.57578125 0.4515625 0.016796875 0.05703125
1 0.381640625 0.4390625 0.012890625 0.0640625
1 0.394140625 0.4484375 0.015625 0.0640625
1 0.116796875 0.46484375 0.015234375 0.078125
1 0.14140625 0.44453125 0.018359375 0.0625
1 0.5953125 0.43671875 0.01953125 0.0484375
1 0.70625 0.44765625 0.0234375 0.0625
2 0.606640625 0.45546875 0.011328125 0.02109375
0 0.076171875 0.4375 0.151953125 0.096875