1 0.894921875 0.48203125 0.035546875 0.146875
1 0.384375 0.33515625 0.01484375 0.06171875
1 0.72578125 0.371875 0.02109375 0.078125
1 0.8109375 0.3359375 0.01640625 0.0625
1 0.51875 0.32890625 0.02265625 0.0609375
1 0.301953125 0.32578125 0.01328125 0.05078125
1 0.448828125 0.3828125 0.02578125 0.08984375
1 0.587109375 0.3484375 0.016796875 0.0640625
1 0.930078125 0.33359375 0.0171875 0.05625
1 0.983984375 0.52890625 0.03203125 0.1359375
1 0.503125 0.303125 0.01640625 0.05078125
1 0.735546875 0.31484375 0.016015625 0.05
1 0.740234375 0.31953125 0.015625 0.05390625
1 0.366015625 0.97890625 0.03125 0.04140625
1 0.6015625 0.31640625 0.023828125 0.06171875
1 0.984375 0.33203125 0.01484375 0.06328125
1 0.4234375 0.3109375 0.013671875 0.0546875
1 0.44296875 0.31484375 0.010546875 0.0515625
1 0.45234375 0.30625 0.01328125 0.04296875
1 0.446484375 0.28203125 0.012109375 0.03359375
1 0.527734375 0.3046875 0.01171875 0.05
1 0.55546875 0.29375 0.012890625 0.0546875
2 0.45859375 0.42890625 0.01328125 0.02421875
0 0.426953125 0.27421875 0.073046875 0.053125