1 0.76171875 0.50234375 0.03046875 0.09765625
1 0.69296875 0.51484375 0.023046875 0.0921875
1 0.348046875 0.58203125 0.030078125 0.13359375
1 0.4515625 0.48203125 0.02109375 0.07578125
1 0.744921875 0.4390625 0.0203125 0.05390625
1 0.94765625 0.45 0.020703125 0.06015625
1 0.01875 0.5125 0.03046875 0.09296875
1 0.211328125 0.478125 0.026953125 0.08203125
1 0.34921875 0.4578125 0.021484375 0.06796875
1 0.824609375 0.4484375 0.023828125 0.07109375
2 0.73828125 0.45234375 0.0078125 0.01875
0 0.975 0.42578125 0.05 0.0921875