1 0.78359375 0.51015625 0.02109375 0.09140625
1 0.604296875 0.525 0.02265625 0.0890625
1 0.975390625 0.47578125 0.0203125 0.07265625
1 0.865234375 0.50078125 0.0203125 0.06328125
1 0.380078125 0.46953125 0.019921875 0.06953125
1 0.766796875 0.46484375 0.019921875 0.08046875
1 0.322265625 0.48671875 0.020703125 0.0796875
1 0.686328125 0.48515625 0.021484375 0.06796875
1 0.58828125 0.4671875 0.02109375 0.06953125
1 0.48515625 0.4609375 0.02109375 0.065625
1 0.8453125 0.471875 0.01875 0.07109375
1 0.74453125 0.46015625 0.016796875 0.06796875
1 0.444921875 0.46640625 0.023046875 0.07421875
1 0.516015625 0.45625 0.021484375 0.07265625
1 0.5296875 0.48046875 0.01796875 0.06875
1 0.538671875 0.4625 0.027734375 0.065625
1 0.6625 0.46953125 0.018359375 0.065625
1 0.721484375 0.45625 0.01796875 0.06015625
1 0.628125 0.51875 0.033203125 0.10390625
1 0.87109375 0.459375 0.0171875 0.07109375