1 0.193359375 0.484375 0.020703125 0.09609375
1 0.246875 0.48125 0.021484375 0.0875
1 0.6171875 0.51484375 0.025 0.1078125
1 0.49375 0.45546875 0.021484375 0.071875
1 0.218359375 0.48515625 0.019140625 0.08984375
1 0.771875 0.4671875 0.01796875 0.07578125
1 0.344140625 0.49375 0.023828125 0.090625
1 0.409765625 0.45859375 0.017578125 0.07265625
1 0.33203125 0.4484375 0.0203125 0.07109375
1 0.691015625 0.42734375 0.01796875 0.065625
1 0.895703125 0.4359375 0.015625 0.06328125
1 0.66796875 0.44140625 0.012890625 0.06796875
2 0.277734375 0.5125 0.013671875 0.02421875
2 0.63046875 0.44140625 0.008984375 0.02734375
2 0.912109375 0.4609375 0.013671875 0.025
0 0.726171875 0.41171875 0.14609375 0.1046875