1 0.532421875 0.4328125 0.041015625 0.09921875
1 0.596484375 0.35703125 0.01875 0.06953125
1 0.52109375 0.3421875 0.018359375 0.0640625
1 0.98203125 0.5515625 0.0359375 0.190625
1 0.7453125 0.33515625 0.014453125 0.0578125
1 0.33828125 0.34453125 0.015625 0.06328125
1 0.49765625 0.43203125 0.025 0.09765625
1 0.723828125 0.403125 0.02578125 0.09296875
1 0.240234375 0.33359375 0.01328125 0.0546875
1 0.973046875 0.34375 0.019140625 0.05234375
1 0.504296875 0.3125 0.01328125 0.04921875
1 0.582421875 0.3140625 0.01328125 0.0421875
1 0.72578125 0.3234375 0.016796875 0.05234375
1 0.48125 0.30078125 0.01328125 0.04453125
1 0.377734375 0.31953125 0.01640625 0.05390625
1 0.401171875 0.321875 0.01875 0.0515625
1 0.39453125 0.2875 0.0140625 0.04609375
1 0.424609375 0.30546875 0.018359375 0.0484375
1 0.5125 0.29375 0.010546875 0.04375
2 0.4890625 0.46796875 0.01171875 0.02421875
0 0.361328125 0.275 0.0765625 0.046875