1 0.79921875 0.503125 0.027734375 0.09296875
1 0.325390625 0.47890625 0.020703125 0.0640625
1 0.74375 0.45859375 0.02109375 0.071875
1 0.865625 0.4875 0.021484375 0.07578125
1 0.97578125 0.471875 0.021484375 0.075
1 0.381640625 0.465625 0.02109375 0.07578125
1 0.469140625 0.4578125 0.01875 0.07265625
1 0.44921875 0.47265625 0.01640625 0.05390625
1 0.531640625 0.5078125 0.04921875 0.08671875
1 0.501953125 0.45703125 0.021484375 0.0625
1 0.67421875 0.47578125 0.024609375 0.084375
1 0.558984375 0.45546875 0.026171875 0.0703125
1 0.765234375 0.446875 0.015625 0.0578125
1 0.790234375 0.45234375 0.0203125 0.06015625
1 0.515234375 0.45078125 0.01640625 0.06484375
1 0.529296875 0.46484375 0.02578125 0.07109375
2 0.43046875 0.48671875 0.0109375 0.01796875