1 0.423046875 0.49765625 0.021875 0.0890625
1 0.89765625 0.53984375 0.025 0.12109375
1 0.339453125 0.503125 0.025390625 0.09375
1 0.2109375 0.50546875 0.028125 0.0859375
1 0.14609375 0.47109375 0.019140625 0.07734375
1 0.9296875 0.50703125 0.01953125 0.09453125
1 0.394921875 0.44765625 0.01953125 0.07265625
1 0.26875 0.46328125 0.018359375 0.065625
1 0.575 0.490625 0.020703125 0.08359375
1 0.958203125 0.4765625 0.023046875 0.08515625
1 0.469921875 0.4640625 0.01796875 0.0703125
1 0.559765625 0.44921875 0.019921875 0.06796875
1 0.124609375 0.47421875 0.018359375 0.0703125
1 0.597265625 0.4484375 0.01953125 0.06640625
1 0.169921875 0.4578125 0.016796875 0.078125
1 0.300390625 0.45234375 0.019140625 0.06796875
1 0.11953125 0.4453125 0.016015625 0.06171875
1 0.41640625 0.45 0.01875 0.06328125
1 0.61484375 0.44296875 0.0171875 0.06328125
0 0.05859375 0.4359375 0.1171875 0.11328125