1 0.50625 0.59609375 0.02734375 0.11640625
1 0.165625 0.60390625 0.0328125 0.1140625
1 0.289453125 0.5359375 0.023828125 0.07578125
1 0.121484375 0.57265625 0.02421875 0.10234375
1 0.879296875 0.578125 0.025390625 0.115625
1 0.827734375 0.50546875 0.021875 0.08203125
1 0.15703125 0.53125 0.021484375 0.078125
1 0.37421875 0.52265625 0.01875 0.0625
1 0.46953125 0.5296875 0.01953125 0.078125
1 0.2296875 0.50546875 0.01796875 0.05234375
1 0.34375 0.51796875 0.019140625 0.0765625
1 0.88828125 0.49921875 0.028125 0.08984375
1 0.075390625 0.5125 0.022265625 0.0734375
1 0.3203125 0.48828125 0.01484375 0.0484375
1 0.3234375 0.51953125 0.0203125 0.07578125
1 0.4171875 0.54921875 0.028515625 0.1
1 0.43515625 0.53359375 0.023046875 0.090625
1 0.432421875 0.5171875 0.0125 0.09609375
1 0.444140625 0.5203125 0.011328125 0.075
1 0.45 0.51171875 0.011328125 0.09296875
0 0.08125 0.49375 0.1625 0.103125