1 0.34375 0.6390625 0.029296875 0.1328125
1 0.794921875 0.48984375 0.02734375 0.0828125
1 0.871484375 0.48984375 0.02734375 0.07890625
1 0.625 0.49453125 0.02890625 0.08359375
1 0.26953125 0.603125 0.030078125 0.1109375
1 0.594921875 0.490625 0.02109375 0.078125
1 0.44609375 0.43203125 0.018359375 0.06484375
1 0.2796875 0.51796875 0.02734375 0.0984375
1 0.942578125 0.459375 0.02109375 0.07265625
1 0.677734375 0.43203125 0.01796875 0.05859375
1 0.978515625 0.4765625 0.0203125 0.0796875
1 0.3109375 0.4578125 0.0234375 0.0734375
1 0.6109375 0.446875 0.01953125 0.0578125
1 0.852734375 0.4703125 0.02109375 0.08125
1 0.37578125 0.4390625 0.0171875 0.0609375
2 0.3296875 0.48125 0.01484375 0.0296875