1 0.188671875 0.49296875 0.024609375 0.09609375
1 0.494140625 0.45859375 0.01796875 0.07265625
1 0.3078125 0.50078125 0.03046875 0.0953125
1 0.248046875 0.48203125 0.0203125 0.0890625
1 0.45625 0.45859375 0.0171875 0.0703125
1 0.63359375 0.51875 0.02421875 0.11484375
1 0.21640625 0.48984375 0.019140625 0.0921875
1 0.7671875 0.47734375 0.021484375 0.07578125
1 0.31953125 0.44765625 0.019921875 0.07578125
1 0.728515625 0.4265625 0.016015625 0.05078125
1 0.928125 0.44375 0.015234375 0.06171875
1 0.6671875 0.43125 0.021875 0.07109375
2 0.835546875 0.4953125 0.0125 0.0234375
2 0.884375 0.4328125 0.012109375 0.025
2 0.28828125 0.5140625 0.01015625 0.01796875
0 0.740234375 0.41015625 0.146875 0.11328125