1 0.3671875 0.5078125 0.025 0.09375
1 0.4296875 0.48984375 0.019921875 0.08515625
1 0.8890625 0.53046875 0.02421875 0.1125
1 0.573828125 0.4859375 0.020703125 0.08515625
1 0.39140625 0.44453125 0.019921875 0.0703125
1 0.139453125 0.47109375 0.02578125 0.059375
1 0.22734375 0.4984375 0.019921875 0.08203125
1 0.27421875 0.45546875 0.02265625 0.0671875
1 0.939453125 0.4671875 0.019921875 0.07421875
1 0.92109375 0.496875 0.019140625 0.08046875
1 0.164453125 0.4578125 0.0203125 0.08828125
1 0.601953125 0.446875 0.01796875 0.06484375
1 0.455859375 0.46015625 0.0140625 0.075
1 0.424609375 0.45 0.016015625 0.059375
1 0.10625 0.4453125 0.01484375 0.075
1 0.128515625 0.46171875 0.015625 0.0796875
1 0.557421875 0.43046875 0.01484375 0.05078125
1 0.57109375 0.44375 0.00703125 0.0609375
1 0.583203125 0.44375 0.01015625 0.0546875
0 0.053125 0.43203125 0.10625 0.09375