1 0.6984375 0.5203125 0.028125 0.1140625
1 0.78828125 0.47265625 0.02265625 0.07265625
1 0.255078125 0.490625 0.02109375 0.096875
1 0.325390625 0.496875 0.0328125 0.10703125
1 0.540625 0.4578125 0.0203125 0.06953125
1 0.555078125 0.4546875 0.016796875 0.07109375
1 0.278125 0.48984375 0.019140625 0.0921875
1 0.360546875 0.4546875 0.017578125 0.07578125
1 0.738671875 0.434375 0.019140625 0.07265625
1 0.82734375 0.41953125 0.021484375 0.06171875
1 0.993359375 0.44765625 0.012890625 0.08125
2 0.345703125 0.51875 0.012109375 0.0265625
2 0.620703125 0.4203125 0.010546875 0.021875
2 0.68046875 0.49765625 0.011328125 0.0171875
2 0.784375 0.50390625 0.010546875 0.02578125
2 0.856640625 0.46015625 0.008984375 0.02734375
0 0.81171875 0.41875 0.158984375 0.1109375