1 0.7609375 0.43984375 0.02890625 0.12734375
1 0.17109375 0.3484375 0.01640625 0.059375
1 0.598828125 0.35703125 0.01953125 0.071875
1 0.286328125 0.35078125 0.01640625 0.06640625
1 0.494921875 0.35234375 0.01640625 0.065625
1 0.353125 0.32734375 0.01484375 0.0546875
1 0.993359375 0.3578125 0.01328125 0.065625
1 0.332421875 0.32578125 0.01484375 0.0546875
1 0.684765625 0.3328125 0.0140625 0.05703125
1 0.5328125 0.44375 0.025 0.11328125
1 0.70859375 0.3296875 0.014453125 0.059375
1 0.396484375 0.30625 0.014453125 0.03984375
1 0.33828125 0.284375 0.013671875 0.05390625
1 0.448828125 0.30703125 0.0140625 0.04765625
1 0.4640625 0.296875 0.01328125 0.0421875
1 0.476953125 0.3203125 0.0125 0.0671875
1 0.509765625 0.44921875 0.031640625 0.0984375
0 0.291015625 0.27578125 0.083984375 0.04765625