1 0.187890625 0.5234375 0.02421875 0.0953125
1 0.3734375 0.5703125 0.033203125 0.11171875
1 0.6765625 0.55625 0.02421875 0.11484375
1 0.487890625 0.49921875 0.025390625 0.07890625
1 0.400390625 0.46484375 0.019921875 0.07265625
1 0.981640625 0.4828125 0.02578125 0.084375
1 0.55390625 0.48984375 0.021875 0.07578125
1 0.50625 0.4765625 0.017578125 0.07265625
1 0.537109375 0.4875 0.01875 0.078125
1 0.357421875 0.49765625 0.01953125 0.08125
1 0.2640625 0.4765625 0.023828125 0.07578125
1 0.657421875 0.47890625 0.0265625 0.08515625
1 0.540625 0.48828125 0.012109375 0.06015625
1 0.584765625 0.5140625 0.026171875 0.10625
1 0.63515625 0.4796875 0.013671875 0.0796875
1 0.623046875 0.50546875 0.01953125 0.0921875
1 0.6125 0.4859375 0.01484375 0.07578125
1 0.62578125 0.4765625 0.012109375 0.08125
0 0.25546875 0.4546875 0.165234375 0.1