1 0.4484375 0.47890625 0.022265625 0.0859375
1 0.403515625 0.4953125 0.026953125 0.09375
1 0.8125 0.525 0.026171875 0.1203125
1 0.6546875 0.45546875 0.021875 0.08359375
1 0.361328125 0.4890625 0.0203125 0.09765625
1 0.865234375 0.4796875 0.02265625 0.07734375
1 0.9734375 0.4234375 0.014453125 0.059375
2 0.531640625 0.50546875 0.011328125 0.0296875
2 0.601171875 0.5171875 0.015234375 0.03125
2 0.684375 0.446875 0.012109375 0.0265625
2 0.84765625 0.51171875 0.009765625 0.02734375
2 0.980078125 0.46875 0.0125 0.0296875
0 0.922265625 0.41875 0.155078125 0.13046875