1 0.87734375 0.51171875 0.02265625 0.1078125
1 0.387109375 0.4984375 0.030078125 0.1046875
1 0.149609375 0.45390625 0.020703125 0.07578125
1 0.56171875 0.475 0.020703125 0.08125
1 0.579296875 0.43828125 0.019921875 0.0640625
1 0.3796875 0.43203125 0.018359375 0.06171875
1 0.233203125 0.44375 0.01953125 0.07421875
1 0.10625 0.46328125 0.021484375 0.06796875
1 0.4125 0.4765625 0.01875 0.0765625
1 0.2578125 0.45390625 0.0203125 0.08203125
1 0.22734375 0.4890625 0.01953125 0.084375
1 0.521484375 0.43671875 0.018359375 0.059375
1 0.436328125 0.44921875 0.017578125 0.06953125
1 0.54140625 0.4328125 0.015234375 0.06171875
1 0.10390625 0.446875 0.018359375 0.05703125
1 0.063671875 0.4359375 0.016796875 0.06171875
1 0.415234375 0.44375 0.016015625 0.065625
1 0.612109375 0.43203125 0.0203125 0.05703125
1 0.887109375 0.4765625 0.018359375 0.0828125
1 0.9 0.45390625 0.025390625 0.08125
1 0.58671875 0.425 0.011328125 0.04609375
2 0.633203125 0.4484375 0.01015625 0.02265625
0 0.033203125 0.421875 0.06640625 0.109375