1 0.428515625 0.52265625 0.02421875 0.109375
1 0.654296875 0.5609375 0.028125 0.12578125
1 0.15390625 0.5265625 0.021875 0.0875
1 0.781640625 0.54375 0.030859375 0.11171875
1 0.214453125 0.45546875 0.02109375 0.0671875
1 0.337890625 0.49375 0.028515625 0.0890625
1 0.487890625 0.4640625 0.016015625 0.06171875
1 0.783984375 0.46328125 0.01875 0.06953125
1 0.559765625 0.45546875 0.01875 0.0484375
1 0.693359375 0.46484375 0.01796875 0.06875
1 0.093359375 0.4828125 0.0265625 0.090625
1 0.865234375 0.46484375 0.026171875 0.08046875
1 0.83671875 0.44296875 0.02109375 0.075
1 0.72734375 0.434375 0.016796875 0.04609375
1 0.7109375 0.43203125 0.021484375 0.05234375
2 0.7046875 0.44609375 0.008984375 0.02109375