1 0.128515625 0.35703125 0.01953125 0.0703125
1 0.76953125 0.43125 0.029296875 0.12421875
1 0.266796875 0.35859375 0.01953125 0.0703125
1 0.706640625 0.33046875 0.014453125 0.06015625
1 0.589453125 0.425 0.033203125 0.1078125
1 0.53359375 0.44140625 0.0375 0.11953125
1 0.9765625 0.35 0.019921875 0.06796875
1 0.333203125 0.3296875 0.013671875 0.05625
1 0.4703125 0.3203125 0.014453125 0.0546875
1 0.30390625 0.33125 0.0171875 0.0640625
1 0.443359375 0.3078125 0.014453125 0.04765625
1 0.647265625 0.3296875 0.014453125 0.06015625
1 0.462109375 0.37265625 0.01953125 0.07265625
1 0.39140625 0.30625 0.01328125 0.04140625
1 0.56484375 0.31640625 0.014453125 0.0484375
1 0.57421875 0.3765625 0.017578125 0.0625
0 0.238671875 0.28046875 0.085546875 0.05703125