1 0.266796875 0.60859375 0.028125 0.13203125
1 0.8609375 0.509375 0.027734375 0.084375
1 0.575 0.5015625 0.024609375 0.084375
1 0.630078125 0.47578125 0.02734375 0.065625
1 0.169140625 0.58515625 0.03359375 0.109375
1 0.404296875 0.4578125 0.022265625 0.0640625
1 0.368359375 0.45 0.0203125 0.06484375
1 0.7140625 0.49375 0.032421875 0.07109375
1 0.827734375 0.49375 0.0203125 0.0734375
1 0.289453125 0.50703125 0.03203125 0.08828125
1 0.69140625 0.4390625 0.019921875 0.05703125
1 0.592578125 0.4609375 0.020703125 0.06796875
1 0.488671875 0.4453125 0.0203125 0.0671875
1 0.873828125 0.44453125 0.024609375 0.065625
1 0.476171875 0.446875 0.019140625 0.0484375
2 0.4375 0.49375 0.011328125 0.0265625