1 0.2828125 0.3625 0.01796875 0.071875
1 0.605078125 0.44375 0.0390625 0.1171875
1 0.743359375 0.42421875 0.02734375 0.11640625
1 0.123828125 0.36953125 0.01953125 0.07265625
1 0.7046875 0.3375 0.016015625 0.06171875
1 0.501953125 0.38984375 0.025 0.075
1 0.447265625 0.40078125 0.0203125 0.07421875
1 0.675390625 0.42265625 0.021875 0.10234375
1 0.31015625 0.33359375 0.01640625 0.06015625
1 0.349609375 0.3328125 0.015234375 0.05546875
1 0.643359375 0.33046875 0.01484375 0.059375
1 0.9796875 0.36015625 0.023046875 0.0796875
1 0.41796875 0.31171875 0.0140625 0.04296875
1 0.29453125 0.296875 0.01640625 0.05234375
1 0.49375 0.32109375 0.01328125 0.0546875
1 0.45 0.29375 0.00859375 0.04375
1 0.459765625 0.309375 0.015625 0.06328125
1 0.589453125 0.30859375 0.014453125 0.0546875
2 0.4515625 0.45234375 0.015625 0.02734375
0 0.22421875 0.278125 0.08984375 0.053125