1 0.891015625 0.4703125 0.018359375 0.08125
1 0.95703125 0.49453125 0.020703125 0.090625
1 0.947265625 0.44375 0.0171875 0.0734375
1 0.967578125 0.4140625 0.01796875 0.06875
1 0.6609375 0.45703125 0.015625 0.06640625
1 0.6203125 0.44921875 0.0234375 0.06953125
1 0.84375 0.440625 0.01875 0.0703125
1 0.498046875 0.5109375 0.029296875 0.10625
1 0.529296875 0.4609375 0.029296875 0.07734375
1 0.456640625 0.43046875 0.02421875 0.071875
1 0.473828125 0.4515625 0.025 0.0921875
1 0.541796875 0.42734375 0.0171875 0.0578125
1 0.555859375 0.42109375 0.013671875 0.05625
1 0.640625 0.43046875 0.019140625 0.06015625
1 0.6109375 0.43203125 0.017578125 0.0640625
1 0.7296875 0.43515625 0.01796875 0.06328125
1 0.8890625 0.41875 0.015625 0.053125
1 0.836328125 0.4171875 0.01484375 0.0484375