1 0.909765625 0.53203125 0.0234375 0.11015625
1 0.425390625 0.48671875 0.01953125 0.0890625
1 0.11953125 0.5953125 0.03671875 0.1546875
1 0.814453125 0.53828125 0.0265625 0.11015625
1 0.5484375 0.50859375 0.0234375 0.0953125
1 0.29375 0.51171875 0.02421875 0.0859375
1 0.5328125 0.4625 0.017578125 0.06015625
1 0.730859375 0.45625 0.01640625 0.06328125
1 0.81328125 0.45546875 0.023046875 0.08046875
1 0.206640625 0.4765625 0.019140625 0.0625
1 0.8484375 0.45 0.019140625 0.07109375
1 0.34765625 0.4484375 0.02109375 0.0671875
1 0.55703125 0.45 0.02890625 0.059375
1 0.71171875 0.4359375 0.015234375 0.04921875
1 0.860546875 0.45546875 0.019140625 0.0921875
1 0.727734375 0.43359375 0.022265625 0.053125