1 0.744140625 0.534375 0.0265625 0.09765625
1 0.707421875 0.528125 0.021875 0.07890625
1 0.73203125 0.45078125 0.025390625 0.0734375
1 0.306640625 0.490625 0.024609375 0.07890625
1 0.501171875 0.5203125 0.029296875 0.090625
1 0.0109375 0.5890625 0.021875 0.1125
1 0.34453125 0.490625 0.020703125 0.078125
1 0.13046875 0.60859375 0.025390625 0.1359375
1 0.445703125 0.5109375 0.02265625 0.0890625
1 0.939453125 0.7609375 0.038671875 0.190625
1 0.663671875 0.50390625 0.02109375 0.078125
1 0.991796875 0.61640625 0.01640625 0.125
1 0.851953125 0.48984375 0.023046875 0.0859375
1 0.323046875 0.46171875 0.0203125 0.0703125
1 0.255859375 0.471875 0.021484375 0.07734375
1 0.6421875 0.44296875 0.019140625 0.05546875
1 0.46875 0.4703125 0.01796875 0.0640625
1 0.45390625 0.46875 0.01484375 0.0609375
1 0.494921875 0.48125 0.0234375 0.06953125