1 0.84765625 0.48046875 0.02421875 0.0953125
1 0.171875 0.46953125 0.0296875 0.10234375
1 0.469921875 0.45859375 0.01875 0.07734375
1 0.297265625 0.41640625 0.021484375 0.07109375
1 0.345703125 0.49140625 0.0265625 0.09765625
1 0.155859375 0.43203125 0.024609375 0.084375
1 0.385546875 0.4390625 0.020703125 0.07265625
1 0.53359375 0.4203125 0.019140625 0.0640625
1 0.33671875 0.4515625 0.021875 0.08671875
1 0.08984375 0.43984375 0.02109375 0.0765625
1 0.170703125 0.43046875 0.016015625 0.0640625
1 0.3296875 0.425 0.015625 0.05703125
1 0.415625 0.41875 0.014453125 0.0453125
1 0.555078125 0.42578125 0.0140625 0.0625
1 0.525390625 0.4125 0.01171875 0.0546875
1 0.739453125 0.43515625 0.016796875 0.0515625
1 0.752734375 0.43671875 0.019921875 0.0625