1 0.621484375 0.38359375 0.021484375 0.0578125
1 0.93515625 0.40234375 0.01875 0.065625
1 0.560546875 0.409375 0.017578125 0.0578125
1 0.665625 0.378125 0.0171875 0.0640625
1 0.036328125 0.39765625 0.01953125 0.05078125
1 0.9953125 0.42265625 0.009375 0.0890625
1 0.8203125 0.3859375 0.01640625 0.0640625
1 0.53984375 0.465625 0.026171875 0.0875
1 0.700390625 0.40234375 0.021484375 0.06796875
1 0.744921875 0.38125 0.016796875 0.0625
1 0.948828125 0.3828125 0.010546875 0.046875
1 0.73046875 0.4140625 0.01953125 0.084375
1 0.71875 0.39296875 0.01640625 0.07890625
1 0.616015625 0.425 0.03046875 0.07265625
2 0.480859375 0.4703125 0.015625 0.03046875