1 0.428125 0.4921875 0.03046875 0.07734375
1 0.91015625 0.51953125 0.0515625 0.10234375
1 0.357421875 0.55078125 0.04609375 0.1078125
1 0.478515625 0.60234375 0.0328125 0.15234375
1 0.5359375 0.44453125 0.01875 0.0640625
1 0.35078125 0.46171875 0.02890625 0.07109375
1 0.891015625 0.44296875 0.019921875 0.06953125
1 0.4546875 0.47578125 0.01875 0.0796875
1 0.98671875 0.48515625 0.0265625 0.10390625
1 0.55703125 0.44375 0.015234375 0.06171875
1 0.392578125 0.45703125 0.01796875 0.07109375
1 0.85234375 0.415625 0.021875 0.05234375
1 0.577734375 0.43125 0.01875 0.0578125
1 0.373046875 0.4734375 0.01640625 0.078125
1 0.566015625 0.39765625 0.01171875 0.04140625
1 0.815234375 0.40859375 0.017578125 0.0609375
1 0.8015625 0.4234375 0.0171875 0.05390625
0 0.555078125 0.390625 0.109765625 0.07890625