1 0.4109375 0.5046875 0.022265625 0.090625
1 0.9359375 0.51953125 0.027734375 0.10625
1 0.873046875 0.4578125 0.019921875 0.0765625
1 0.483203125 0.4828125 0.0203125 0.0875
1 0.651953125 0.49453125 0.022265625 0.09375
1 0.050390625 0.50390625 0.0265625 0.0859375
1 0.25859375 0.584375 0.037890625 0.15
1 0.7375 0.45 0.029296875 0.06953125
1 0.44296875 0.44140625 0.02265625 0.0609375
1 0.01171875 0.47578125 0.021875 0.0671875
1 0.848828125 0.45703125 0.016015625 0.06640625
1 0.551171875 0.46171875 0.016796875 0.05546875
1 0.276171875 0.45703125 0.027734375 0.0765625
1 0.519921875 0.44609375 0.016796875 0.05546875
1 0.723046875 0.42890625 0.010546875 0.05390625
1 0.729296875 0.42109375 0.012890625 0.04921875