1 0.52265625 0.3890625 0.02421875 0.0796875
1 0.633984375 0.36796875 0.01640625 0.06875
1 0.783203125 0.34921875 0.015625 0.0515625
1 0.62734375 0.31953125 0.01640625 0.05859375
1 0.614453125 0.33984375 0.013671875 0.05546875
1 0.6890625 0.32265625 0.01484375 0.046875
1 0.26171875 0.325 0.017578125 0.040625
1 0.7625 0.309375 0.014453125 0.0453125
1 0.74375 0.340625 0.016796875 0.0625
1 0.76171875 0.3453125 0.01953125 0.07578125
1 0.81796875 0.33671875 0.01484375 0.0625
1 0.832421875 0.3265625 0.012890625 0.05625
1 0.891015625 0.33203125 0.015234375 0.0609375