1 0.615625 0.52890625 0.031640625 0.103125
1 0.103515625 0.62421875 0.03828125 0.13984375
1 0.934375 0.61328125 0.028125 0.12578125
1 0.470703125 0.53046875 0.03359375 0.08984375
1 0.6921875 0.5109375 0.023828125 0.0796875
1 0.377734375 0.525 0.0296875 0.08828125
1 0.9828125 0.55 0.02890625 0.10625
1 0.27734375 0.5 0.02265625 0.090625
1 0.236328125 0.48359375 0.024609375 0.0875
1 0.205859375 0.47890625 0.023046875 0.07734375
1 0.59296875 0.4546875 0.021484375 0.06875
1 0.646484375 0.50390625 0.01953125 0.07265625
1 0.801171875 0.49453125 0.02578125 0.084375
1 0.916796875 0.79140625 0.05078125 0.21015625
1 0.246875 0.41953125 0.019921875 0.05859375
1 0.670703125 0.45078125 0.024609375 0.07265625
1 0.473046875 0.4703125 0.022265625 0.06796875
1 0.49296875 0.4765625 0.016796875 0.0765625
2 0.506640625 0.49296875 0.01328125 0.02578125