1 0.348046875 0.58359375 0.029296875 0.1390625
1 0.486328125 0.5 0.022265625 0.08515625
1 0.321484375 0.465625 0.0203125 0.07265625
1 0.72578125 0.4953125 0.021484375 0.0890625
1 0.122265625 0.50703125 0.023046875 0.09453125
1 0.890234375 0.4640625 0.02109375 0.06953125
1 0.70625 0.459375 0.02109375 0.07890625
1 0.522265625 0.48828125 0.02109375 0.078125
1 0.88359375 0.46796875 0.021875 0.0671875
1 0.548046875 0.46953125 0.019140625 0.07265625
1 0.471484375 0.4515625 0.022265625 0.05625
1 0.5046875 0.45390625 0.016796875 0.05859375
1 0.1390625 0.475 0.021875 0.06484375
1 0.735546875 0.43984375 0.01484375 0.05703125
2 0.469140625 0.46484375 0.00859375 0.01484375