1 0.8703125 0.55546875 0.053125 0.18203125
1 0.10234375 0.43203125 0.027734375 0.1125
1 0.301953125 0.3890625 0.0265625 0.0859375
1 0.43125 0.34296875 0.015234375 0.05859375
1 0.33671875 0.34609375 0.0203125 0.06484375
1 0.843359375 0.4375 0.033984375 0.12890625
1 0.53828125 0.32421875 0.0140625 0.04375
1 0.7125 0.34921875 0.0203125 0.06015625
1 0.811328125 0.4296875 0.023828125 0.10625
1 0.459765625 0.5984375 0.048046875 0.13671875
1 0.276953125 0.29765625 0.010546875 0.034375
1 0.476953125 0.31171875 0.0125 0.04296875
1 0.484765625 0.51484375 0.041796875 0.10390625
1 0.503125 0.30234375 0.01640625 0.05390625
1 0.64453125 0.3140625 0.008203125 0.059375
1 0.64921875 0.33046875 0.0171875 0.07265625
2 0.47109375 0.5859375 0.017578125 0.034375
0 0.196875 0.2796875 0.095703125 0.05625