1 0.76953125 0.49453125 0.0203125 0.08515625
1 0.4140625 0.58671875 0.032421875 0.14453125
1 0.029296875 0.5125 0.022265625 0.10078125
1 0.73828125 0.4453125 0.0171875 0.0640625
1 0.54609375 0.49140625 0.024609375 0.08359375
1 0.479296875 0.45390625 0.019921875 0.0671875
1 0.5140625 0.45390625 0.018359375 0.0578125
1 0.1671875 0.51328125 0.022265625 0.09453125
1 0.356640625 0.45859375 0.01953125 0.06796875
1 0.8734375 0.459375 0.019921875 0.0765625
1 0.901171875 0.47421875 0.01875 0.06640625
1 0.2328125 0.46953125 0.02421875 0.05703125
1 0.63515625 0.45546875 0.041015625 0.0625
1 0.7171875 0.43203125 0.021484375 0.06484375
1 0.914453125 0.46953125 0.020703125 0.08671875
1 0.557421875 0.4765625 0.025 0.08984375
2 0.526953125 0.47265625 0.0125 0.03046875