1 0.490234375 0.4765625 0.019921875 0.08203125
1 0.808203125 0.46953125 0.0171875 0.07890625
1 0.73125 0.45078125 0.015234375 0.06953125
1 0.921484375 0.5109375 0.025 0.10625
1 0.60703125 0.465625 0.01796875 0.0765625
1 0.887109375 0.459375 0.021484375 0.0703125
1 0.523046875 0.4578125 0.01875 0.07421875
1 0.53984375 0.46875 0.027734375 0.0859375
1 0.697265625 0.42421875 0.0140625 0.05625
1 0.98671875 0.44453125 0.01796875 0.075
2 0.544921875 0.4953125 0.008984375 0.02421875
2 0.6125 0.49453125 0.010546875 0.02265625
0 0.980078125 0.41171875 0.039453125 0.09453125