1 0.849609375 0.48984375 0.03046875 0.10078125
1 0.228125 0.45625 0.0171875 0.06171875
1 0.56484375 0.40390625 0.01875 0.04921875
1 0.620703125 0.42890625 0.015625 0.0515625
1 0.575390625 0.4765625 0.02109375 0.07890625
1 0.46796875 0.42890625 0.0171875 0.06171875
1 0.39296875 0.525 0.024609375 0.06875
1 0.30234375 0.4390625 0.01953125 0.059375
1 0.735546875 0.453125 0.020703125 0.08359375
1 0.39609375 0.43046875 0.021484375 0.05234375
1 0.42109375 0.45625 0.019921875 0.0609375
1 0.445703125 0.56015625 0.02421875 0.1234375
1 0.3359375 0.4640625 0.023046875 0.0671875
1 0.64375 0.41015625 0.01640625 0.053125
1 0.408984375 0.39375 0.020703125 0.0453125
1 0.330078125 0.45390625 0.0125 0.06953125
0 0.385546875 0.38828125 0.1015625 0.0625