1 0.397265625 0.51953125 0.0234375 0.11484375
1 0.823828125 0.4953125 0.02109375 0.09375
1 0.21484375 0.49140625 0.021484375 0.08671875
1 0.008203125 0.471875 0.016015625 0.08203125
1 0.366015625 0.46640625 0.023828125 0.0796875
1 0.243359375 0.4625 0.020703125 0.0640625
1 0.518359375 0.478125 0.022265625 0.08359375
1 0.5328125 0.4515625 0.021875 0.07734375
1 0.125 0.459375 0.021875 0.09296875
1 0.422265625 0.44453125 0.020703125 0.0734375
1 0.21015625 0.44921875 0.020703125 0.071875
1 0.3515625 0.446875 0.011328125 0.05625
1 0.359765625 0.440625 0.015234375 0.06953125
1 0.44140625 0.43203125 0.0140625 0.053125
1 0.563671875 0.46015625 0.01640625 0.07578125
1 0.59296875 0.4375 0.016796875 0.06015625
1 0.636328125 0.43828125 0.0140625 0.065625
1 0.6609375 0.4453125 0.01796875 0.071875