1 0.81484375 0.565625 0.041796875 0.19609375
1 0.45390625 0.50859375 0.033203125 0.13125
1 0.14765625 0.42890625 0.02578125 0.109375
1 0.323046875 0.3546875 0.026953125 0.06875
1 0.53671875 0.45703125 0.02578125 0.10078125
1 0.280078125 0.40078125 0.02265625 0.08125
1 0.79453125 0.4421875 0.033984375 0.121875
1 0.446875 0.3421875 0.01875 0.06328125
1 0.515625 0.33125 0.01484375 0.0515625
1 0.27109375 0.2984375 0.009375 0.03203125
1 0.80625 0.4375 0.029296875 0.11953125
1 0.690234375 0.35234375 0.019140625 0.07265625
1 0.45234375 0.3140625 0.013671875 0.0671875
1 0.477734375 0.30859375 0.01796875 0.05625
1 0.49609375 0.3015625 0.012890625 0.05703125
1 0.633203125 0.31640625 0.011328125 0.0671875
1 0.656640625 0.33671875 0.01640625 0.0859375
0 0.189453125 0.2828125 0.098046875 0.0625