1 0.326171875 0.5296875 0.0234375 0.0890625
1 0.55859375 0.46171875 0.01953125 0.0796875
1 0.450390625 0.45859375 0.02421875 0.06484375
1 0.708984375 0.45625 0.025 0.08671875
1 0.43671875 0.57578125 0.02421875 0.1375
1 0.594921875 0.43046875 0.016796875 0.0546875
1 0.26015625 0.44609375 0.022265625 0.071875
1 0.819921875 0.49296875 0.021875 0.10546875
1 0.306640625 0.45703125 0.0171875 0.07890625
1 0.4078125 0.43203125 0.01953125 0.0625
1 0.13125 0.47421875 0.019140625 0.0859375
1 0.287890625 0.47421875 0.018359375 0.0796875
1 0.54296875 0.40234375 0.017578125 0.059375
1 0.991796875 0.40625 0.01640625 0.06015625
1 0.67890625 0.4140625 0.022265625 0.0609375
1 0.603515625 0.40078125 0.01953125 0.06484375
1 0.465234375 0.434375 0.0203125 0.06640625
1 0.341796875 0.3984375 0.01640625 0.05546875
1 0.47265625 0.41015625 0.01484375 0.0625
0 0.317578125 0.3890625 0.110546875 0.07578125