1 0.80546875 0.50078125 0.02421875 0.0953125
1 0.363671875 0.53046875 0.023828125 0.10859375
1 0.191015625 0.49296875 0.02109375 0.08359375
1 0.261328125 0.4640625 0.020703125 0.0640625
1 0.519140625 0.48125 0.02265625 0.08984375
1 0.492578125 0.46015625 0.0140625 0.0515625
1 0.59375 0.4421875 0.020703125 0.06484375
1 0.630859375 0.45390625 0.019921875 0.07890625
1 0.650390625 0.46015625 0.014453125 0.08203125
1 0.122265625 0.46796875 0.028515625 0.09296875
1 0.201953125 0.45390625 0.026171875 0.09296875
1 0.324609375 0.453125 0.019140625 0.0828125
1 0.430859375 0.43515625 0.0234375 0.05078125
1 0.4984375 0.44296875 0.017578125 0.0703125
1 0.396484375 0.44921875 0.024609375 0.084375
1 0.373828125 0.45078125 0.02109375 0.07265625
1 0.354296875 0.453125 0.016015625 0.078125
1 0.34453125 0.459375 0.01953125 0.109375
2 0.386328125 0.475 0.009765625 0.0203125