1 0.432421875 0.5890625 0.028515625 0.1515625
1 0.820703125 0.49296875 0.026171875 0.109375
1 0.222265625 0.47421875 0.023828125 0.09140625
1 0.066015625 0.4921875 0.03125 0.090625
1 0.6828125 0.459375 0.023828125 0.09140625
1 0.286328125 0.5421875 0.025 0.121875
1 0.47734375 0.45 0.020703125 0.08203125
1 0.540625 0.453125 0.021484375 0.075
1 0.955078125 0.4109375 0.01796875 0.0609375
1 0.55859375 0.403125 0.01953125 0.06796875
1 0.584375 0.4390625 0.020703125 0.05234375
1 0.283984375 0.4515625 0.016015625 0.0609375
1 0.71171875 0.4125 0.023046875 0.0671875
1 0.4453125 0.4359375 0.01953125 0.0703125
1 0.5296875 0.40625 0.01796875 0.06484375
1 0.219921875 0.43984375 0.02265625 0.0703125
1 0.2765625 0.4015625 0.01796875 0.05
1 0.454296875 0.43203125 0.015625 0.0703125
2 0.55078125 0.4859375 0.012109375 0.02734375
0 0.246875 0.3953125 0.132421875 0.071875