1 0.46171875 0.5765625 0.027734375 0.14140625
1 0.746875 0.478125 0.01953125 0.078125
1 0.562890625 0.4796875 0.017578125 0.07109375
1 0.6703125 0.43984375 0.019140625 0.0625
1 0.81484375 0.4546875 0.019140625 0.065625
1 0.51171875 0.47578125 0.02578125 0.071875
1 0.6171875 0.43671875 0.018359375 0.06328125
1 0.048828125 0.5015625 0.025390625 0.09921875
1 0.875 0.46796875 0.01796875 0.08125
1 0.190234375 0.51484375 0.019921875 0.0921875
1 0.264453125 0.45703125 0.0203125 0.05546875
1 0.40078125 0.446875 0.0203125 0.05390625
1 0.529296875 0.44921875 0.019140625 0.0609375
1 0.518359375 0.45546875 0.0140625 0.059375
1 0.56484375 0.44296875 0.02109375 0.06328125
1 0.884375 0.46796875 0.023046875 0.08828125
2 0.523046875 0.47734375 0.008203125 0.01328125