1 0.455078125 0.428125 0.025 0.09921875
1 0.722265625 0.5578125 0.054296875 0.19296875
1 0.196875 0.4109375 0.023046875 0.096875
1 0.25234375 0.384375 0.01796875 0.07734375
1 0.55078125 0.39140625 0.02421875 0.0890625
1 0.983203125 0.3609375 0.0203125 0.06171875
1 0.778125 0.4 0.02265625 0.10078125
1 0.759765625 0.4453125 0.027734375 0.12265625
1 0.9796875 0.71171875 0.040234375 0.25859375
1 0.941796875 0.340625 0.020703125 0.05546875
1 0.33515625 0.3453125 0.017578125 0.06328125
1 0.278125 0.3 0.013671875 0.028125
1 0.4390625 0.33125 0.02109375 0.065625
1 0.671484375 0.33046875 0.015625 0.0546875
1 0.70390625 0.34921875 0.025 0.08671875
1 0.615625 0.31328125 0.023046875 0.04765625
1 0.475 0.33359375 0.0203125 0.0703125
1 0.475 0.30234375 0.02578125 0.05
1 0.441796875 0.31015625 0.02109375 0.06484375
0 0.2 0.27890625 0.09609375 0.0578125