1 0.78984375 0.51953125 0.044921875 0.1453125
1 0.278515625 0.45625 0.025390625 0.11015625
1 0.616796875 0.34453125 0.0171875 0.0671875
1 0.426171875 0.41171875 0.02578125 0.08359375
1 0.930859375 0.35625 0.021484375 0.07734375
1 0.5671875 0.32734375 0.01484375 0.05703125
1 0.701953125 0.37109375 0.025390625 0.0765625
1 0.443359375 0.33046875 0.016015625 0.05625
1 0.820703125 0.31640625 0.01640625 0.05078125
1 0.83046875 0.34609375 0.017578125 0.059375
1 0.6078125 0.30078125 0.016015625 0.05
1 0.23515625 0.3125 0.01796875 0.0515625
1 0.5609375 0.29765625 0.013671875 0.04375
1 0.75859375 0.29453125 0.015234375 0.04765625
2 0.290234375 0.5078125 0.015625 0.03046875