1 0.21640625 0.58515625 0.05 0.17890625
1 0.618359375 0.57265625 0.055078125 0.1765625
1 0.76796875 0.54375 0.06328125 0.1609375
1 0.341796875 0.4890625 0.035546875 0.1375
1 0.247265625 0.3484375 0.019921875 0.06953125
1 0.601171875 0.3859375 0.021875 0.078125
1 0.478125 0.35859375 0.01875 0.07265625
1 0.40390625 0.3375 0.0140625 0.0546875
1 0.948828125 0.37578125 0.023046875 0.08203125
1 0.93203125 0.35546875 0.019921875 0.06953125
1 0.48203125 0.3015625 0.016015625 0.0578125
1 0.843359375 0.334375 0.018359375 0.0640625
1 0.764453125 0.3546875 0.019921875 0.0703125
1 0.61953125 0.29609375 0.016015625 0.046875
1 0.6609375 0.3109375 0.009375 0.046875
1 0.42109375 0.2953125 0.015234375 0.05078125
1 0.831640625 0.3015625 0.011328125 0.04375
1 0.866796875 0.30859375 0.010546875 0.046875
1 0.7 0.32109375 0.014453125 0.053125
1 0.687109375 0.3484375 0.01796875 0.0640625
2 0.60234375 0.628125 0.023046875 0.053125
0 0.07578125 0.2859375 0.118359375 0.05390625
1 0.064453125 0.325 0.0203125 0.05390625