1 0.123046875 0.5015625 0.02265625 0.0875
1 0.32109375 0.5328125 0.025 0.11171875
1 0.780078125 0.50078125 0.021875 0.08984375
1 0.49921875 0.49140625 0.020703125 0.084375
1 0.46484375 0.46875 0.01796875 0.06640625
1 0.295703125 0.47109375 0.021484375 0.08515625
1 0.234765625 0.465625 0.02421875 0.0609375
1 0.260546875 0.45546875 0.020703125 0.08671875
1 0.406640625 0.46328125 0.01953125 0.07109375
1 0.15703125 0.46171875 0.019140625 0.07578125
1 0.343359375 0.453125 0.0171875 0.05625
1 0.56171875 0.45 0.021875 0.0703125
1 0.412890625 0.46015625 0.019140625 0.0734375
1 0.069140625 0.46875 0.021875 0.08671875
1 0.38671875 0.45625 0.0171875 0.05625
1 0.422265625 0.44453125 0.013671875 0.05625
1 0.600390625 0.44921875 0.017578125 0.07578125
1 0.62578125 0.46015625 0.01796875 0.075
2 0.3796875 0.4765625 0.009375 0.01953125