1 0.916796875 0.81953125 0.0546875 0.20625
1 0.845703125 0.534375 0.02265625 0.08046875
1 0.13359375 0.60703125 0.035546875 0.0984375
1 0.634765625 0.4859375 0.024609375 0.0703125
1 0.194921875 0.6296875 0.02890625 0.1203125
1 0.770703125 0.51015625 0.023828125 0.06484375
1 0.71171875 0.53515625 0.019921875 0.08359375
1 0.586328125 0.54296875 0.03359375 0.090625
1 0.9859375 0.5109375 0.025390625 0.08671875
1 0.299609375 0.5125 0.02890625 0.0828125
1 0.515234375 0.47421875 0.021875 0.06640625
1 0.4921875 0.521875 0.025 0.0828125
1 0.489453125 0.49609375 0.0265625 0.09453125
1 0.54140625 0.4796875 0.021484375 0.059375
1 0.58046875 0.50234375 0.02265625 0.0765625
1 0.2671875 0.5328125 0.019140625 0.09296875
1 0.28125 0.53671875 0.026953125 0.10546875