1 0.462109375 0.56328125 0.026953125 0.134375
1 0.986328125 0.503125 0.026953125 0.1078125
1 0.707421875 0.4609375 0.0203125 0.07109375
1 0.145703125 0.503125 0.01953125 0.08828125
1 0.540234375 0.4265625 0.0203125 0.07421875
1 0.6203125 0.43046875 0.020703125 0.071875
1 0.81796875 0.471875 0.01875 0.07890625
1 0.3828125 0.4640625 0.019921875 0.078125
1 0.019140625 0.49140625 0.0296875 0.09375
1 0.759765625 0.44296875 0.01953125 0.07265625
1 0.5296875 0.4671875 0.028125 0.0703125
1 0.83828125 0.45625 0.01953125 0.075
1 0.326953125 0.44453125 0.022265625 0.075
1 0.50625 0.45390625 0.028125 0.0671875
1 0.194921875 0.446875 0.023046875 0.0609375
1 0.99140625 0.484375 0.0171875 0.1
1 0.514453125 0.4453125 0.016796875 0.059375