1 0.453515625 0.45078125 0.02421875 0.08359375
1 0.814453125 0.50546875 0.028125 0.11640625
1 0.21484375 0.57109375 0.0328125 0.14765625
1 0.1046875 0.490625 0.02109375 0.09609375
1 0.487109375 0.4578125 0.023046875 0.07890625
1 0.56875 0.446875 0.022265625 0.06328125
1 0.916796875 0.41875 0.0203125 0.06875
1 0.131640625 0.4578125 0.02421875 0.08828125
1 0.388671875 0.609375 0.037890625 0.171875
1 0.418359375 0.440625 0.01953125 0.0734375
1 0.642578125 0.47265625 0.025 0.10390625
1 0.994140625 0.43046875 0.01171875 0.08828125
1 0.708203125 0.42265625 0.0203125 0.06484375
1 0.171875 0.41328125 0.0203125 0.06015625
1 0.67578125 0.38515625 0.01875 0.05390625
1 0.220703125 0.4453125 0.02109375 0.0515625
1 0.436328125 0.41953125 0.01328125 0.07421875
1 0.496875 0.41875 0.01171875 0.075
1 0.4796875 0.41875 0.021875 0.06328125
0 0.125 0.3984375 0.15 0.090625