1 0.971875 0.64140625 0.05625 0.2109375
1 0.75703125 0.4546875 0.0265625 0.1296875
1 0.27734375 0.378125 0.01953125 0.0828125
1 0.674609375 0.53984375 0.0484375 0.17578125
1 0.815625 0.38984375 0.024609375 0.09375
1 0.36953125 0.334375 0.015234375 0.0609375
1 0.59375 0.36796875 0.021484375 0.06796875
1 0.49375 0.3859375 0.019140625 0.0796875
1 0.979296875 0.346875 0.016015625 0.05546875
1 0.762109375 0.3421875 0.015625 0.05859375
1 0.4453125 0.33046875 0.016015625 0.05703125
1 0.30234375 0.35703125 0.0171875 0.06953125
1 0.502734375 0.33359375 0.014453125 0.05234375
1 0.460546875 0.31875 0.01484375 0.053125
1 0.946875 0.334375 0.01875 0.05078125
1 0.486328125 0.30546875 0.01328125 0.040625
1 0.622265625 0.31640625 0.015234375 0.0546875
1 0.723828125 0.328125 0.01875 0.06796875
0 0.265234375 0.27890625 0.088671875 0.05078125