1 0.95078125 0.54609375 0.027734375 0.08125
1 0.60234375 0.54609375 0.035546875 0.0828125
1 0.36875 0.49921875 0.02421875 0.0734375
1 0.233984375 0.61328125 0.025390625 0.11484375
1 0.8640625 0.7984375 0.03984375 0.17578125
1 0.82734375 0.5421875 0.023046875 0.0796875
1 0.3234375 0.52578125 0.03046875 0.1
1 0.148046875 0.5921875 0.0265625 0.09609375
1 0.629296875 0.503125 0.021484375 0.06875
1 0.566015625 0.48359375 0.023046875 0.065625
1 0.2875 0.54375 0.025390625 0.0984375
1 0.54609375 0.5171875 0.0234375 0.0796875
1 0.69921875 0.490625 0.0328125 0.06875
1 0.8328125 0.52421875 0.0296875 0.06484375
1 0.553125 0.478125 0.015234375 0.06328125
1 0.51875 0.45625 0.015625 0.0515625
2 0.419921875 0.47734375 0.01171875 0.02265625