1 0.424609375 0.540625 0.04140625 0.1625
1 0.07265625 0.3796875 0.02265625 0.08984375
1 0.2796875 0.3546875 0.01640625 0.06953125
1 0.52265625 0.4078125 0.021484375 0.1046875
1 0.505078125 0.8671875 0.08046875 0.26484375
1 0.367578125 0.3859375 0.021875 0.0890625
1 0.844921875 0.3875 0.021484375 0.0921875
1 0.607421875 0.3359375 0.016796875 0.06484375
1 0.68046875 0.36640625 0.022265625 0.0828125
1 0.878125 0.36484375 0.01953125 0.0703125
1 0.7078125 0.3296875 0.016796875 0.0625
1 0.66015625 0.57109375 0.0484375 0.12890625
1 0.592578125 0.56796875 0.047265625 0.11953125
1 0.98828125 0.4234375 0.0234375 0.11875
1 0.394921875 0.30234375 0.016796875 0.05625
1 0.76796875 0.31015625 0.016015625 0.05
1 0.323046875 0.3046875 0.014453125 0.05390625
1 0.52578125 0.29296875 0.016015625 0.05546875
1 0.553515625 0.31171875 0.015234375 0.0578125
1 0.728515625 0.30390625 0.015625 0.05546875