1 0.075390625 0.62578125 0.04765625 0.1859375
1 0.485546875 0.46484375 0.02109375 0.07265625
1 0.28203125 0.65703125 0.043359375 0.19140625
1 0.753515625 0.53359375 0.0375 0.128125
1 0.253515625 0.4625 0.020703125 0.084375
1 0.891796875 0.44609375 0.01875 0.084375
1 0.7890625 0.44140625 0.024609375 0.07734375
1 0.28671875 0.47734375 0.022265625 0.08515625
1 0.378515625 0.45625 0.021484375 0.07890625
1 0.338671875 0.4796875 0.02421875 0.08359375
1 0.530859375 0.496875 0.029296875 0.1109375
1 0.0921875 0.4796875 0.02109375 0.09921875
1 0.328125 0.4484375 0.02109375 0.071875
1 0.615625 0.4390625 0.027734375 0.08046875
1 0.3609375 0.4421875 0.016796875 0.08203125
2 0.584765625 0.46640625 0.0109375 0.02421875