1 0.725 0.6109375 0.065625 0.21171875
1 0.824609375 0.53515625 0.048046875 0.16015625
1 0.691015625 0.409375 0.0234375 0.0875
1 0.34296875 0.409375 0.0171875 0.065625
1 0.36171875 0.37578125 0.015234375 0.0515625
1 0.971484375 0.4484375 0.035546875 0.1140625
1 0.882421875 0.38515625 0.025390625 0.0671875
1 0.49609375 0.37265625 0.014453125 0.05234375
1 0.581640625 0.4203125 0.019921875 0.08046875
1 0.4125 0.371875 0.01796875 0.05625
1 0.37890625 0.3359375 0.011328125 0.02890625
1 0.590625 0.3703125 0.018359375 0.05625
1 0.4734375 0.35703125 0.01484375 0.05625
1 0.48984375 0.35234375 0.010546875 0.05234375
1 0.4984375 0.35078125 0.0125 0.05390625
1 0.700390625 0.3609375 0.0234375 0.06875
0 0.326171875 0.31640625 0.09375 0.05546875