1 0.748046875 0.49296875 0.018359375 0.0875
1 0.05390625 0.50859375 0.04296875 0.07890625
1 0.11171875 0.4609375 0.016796875 0.0578125
1 0.305078125 0.52578125 0.03359375 0.103125
1 0.374609375 0.45625 0.015234375 0.053125
1 0.41796875 0.46171875 0.01875 0.06328125
1 0.20390625 0.46171875 0.018359375 0.0578125
1 0.6171875 0.459375 0.01796875 0.05078125
1 0.304296875 0.45859375 0.015625 0.0578125
1 0.45859375 0.4859375 0.020703125 0.084375
1 0.22578125 0.46171875 0.019140625 0.07578125
1 0.273828125 0.4609375 0.021484375 0.08359375
1 0.25703125 0.44609375 0.019140625 0.0734375
1 0.273046875 0.4515625 0.01484375 0.075
1 0.603515625 0.46015625 0.0171875 0.07734375
1 0.553125 0.4484375 0.01484375 0.06796875