1 0.582421875 0.46796875 0.023828125 0.07578125
1 0.744921875 0.5234375 0.026171875 0.11640625
1 0.3984375 0.503125 0.02265625 0.08828125
1 0.880078125 0.51015625 0.025 0.1234375
1 0.467578125 0.4609375 0.01875 0.07109375
1 0.40390625 0.46171875 0.01953125 0.0609375
1 0.72578125 0.47109375 0.018359375 0.07734375
1 0.89765625 0.78515625 0.083984375 0.28671875
1 0.42890625 0.42265625 0.013671875 0.059375
1 0.487109375 0.446875 0.0140625 0.08203125
1 0.500390625 0.440625 0.0171875 0.0921875
1 0.874609375 0.46796875 0.017578125 0.084375
1 0.98046875 0.71484375 0.0390625 0.2328125
2 0.46328125 0.14609375 0.01015625 0.02578125
0 0.3921875 0.39765625 0.115234375 0.0734375