1 0.423046875 0.4578125 0.01875 0.065625
1 0.446484375 0.5453125 0.022265625 0.11953125
1 0.766015625 0.50234375 0.02734375 0.103125
1 0.16875 0.465625 0.01953125 0.0859375
1 0.613671875 0.465625 0.0234375 0.06953125
1 0.51953125 0.45390625 0.019921875 0.0609375
1 0.583203125 0.4453125 0.019921875 0.0796875
1 0.4453125 0.4234375 0.018359375 0.0640625
1 0.564453125 0.46796875 0.02109375 0.0734375
1 0.847265625 0.43203125 0.01953125 0.0625
1 0.33515625 0.41953125 0.0203125 0.06953125
1 0.095703125 0.4484375 0.02265625 0.0796875
1 0.46953125 0.44765625 0.023046875 0.08203125
1 0.759375 0.4765625 0.0234375 0.08828125
1 0.240234375 0.434375 0.019921875 0.06171875
1 0.378125 0.42890625 0.016796875 0.05078125
1 0.563671875 0.44296875 0.02109375 0.07109375
0 0.884765625 0.41484375 0.15234375 0.1