1 0.3265625 0.52421875 0.023828125 0.11171875
1 0.70546875 0.48671875 0.02265625 0.07890625
1 0.0484375 0.50234375 0.027734375 0.10859375
1 0.176953125 0.4671875 0.01796875 0.06875
1 0.391015625 0.48828125 0.0234375 0.0890625
1 0.151171875 0.4640625 0.017578125 0.06640625
1 0.353125 0.44921875 0.019921875 0.07421875
1 0.544921875 0.44609375 0.0171875 0.059375
1 0.2765625 0.471875 0.021875 0.0703125
1 0.634375 0.4640625 0.02265625 0.084375
1 0.221875 0.46953125 0.02109375 0.07109375
1 0.197265625 0.446875 0.011328125 0.0671875
1 0.204296875 0.4453125 0.00859375 0.06875
1 0.371484375 0.4625 0.011328125 0.06171875
1 0.387109375 0.45859375 0.015625 0.06875
1 0.408203125 0.44453125 0.0140625 0.05546875
1 0.569921875 0.4703125 0.016796875 0.0890625
1 0.055859375 0.45390625 0.0140625 0.07109375