1 0.768359375 0.75859375 0.0328125 0.16875
1 0.741796875 0.49765625 0.0296875 0.06875
1 0.255078125 0.6015625 0.023828125 0.11015625
1 0.279296875 0.5359375 0.025390625 0.09375
1 0.40546875 0.49296875 0.024609375 0.0765625
1 0.89140625 0.55390625 0.02578125 0.08203125
1 0.15390625 0.5671875 0.03203125 0.090625
1 0.657421875 0.509375 0.029296875 0.071875
1 0.6015625 0.48203125 0.02421875 0.06328125
1 0.34609375 0.5140625 0.030078125 0.08515625
1 0.87890625 0.5390625 0.022265625 0.08828125
1 0.589453125 0.475 0.01796875 0.06484375
1 0.583203125 0.48125 0.023828125 0.05703125
1 0.575390625 0.50625 0.02109375 0.0640625
1 0.584765625 0.546875 0.035546875 0.09375
2 0.47578125 0.47578125 0.012109375 0.0234375