1 0.4953125 0.5125 0.037890625 0.16328125
1 0.739453125 0.54140625 0.048828125 0.18203125
1 0.026953125 0.4046875 0.028125 0.10625
1 0.888671875 0.38984375 0.026171875 0.084375
1 0.8421875 0.415625 0.03359375 0.11484375
1 0.3078125 0.4203125 0.023046875 0.10546875
1 0.981640625 0.440625 0.036328125 0.11640625
1 0.580859375 0.478125 0.041015625 0.13828125
1 0.559375 0.428125 0.025390625 0.07578125
1 0.59140625 0.34140625 0.01640625 0.06171875
1 0.2375 0.37109375 0.018359375 0.07734375
1 0.744140625 0.30546875 0.016015625 0.0515625
1 0.6578125 0.38984375 0.026953125 0.08203125
1 0.501171875 0.2953125 0.016015625 0.04921875
1 0.6609375 0.32578125 0.0171875 0.06484375
1 0.38515625 0.30390625 0.0171875 0.04765625
1 0.690625 0.384375 0.02421875 0.090625
1 0.7109375 0.3109375 0.015234375 0.0515625
1 0.298828125 0.3046875 0.016796875 0.0578125
1 0.523828125 0.31640625 0.018359375 0.06171875
2 0.5921875 0.525 0.01328125 0.03125