1 0.328515625 0.4671875 0.0203125 0.071875
1 0.726171875 0.51796875 0.02890625 0.10859375
1 0.4328125 0.5421875 0.042578125 0.13046875
1 0.05546875 0.48046875 0.0203125 0.09609375
1 0.68984375 0.4890625 0.024609375 0.0796875
1 0.345703125 0.43359375 0.01875 0.06875
1 0.4328125 0.45859375 0.01796875 0.0796875
1 0.487109375 0.47265625 0.030078125 0.0734375
1 0.53984375 0.45234375 0.025 0.07734375
1 0.228515625 0.42578125 0.0203125 0.075
1 0.757421875 0.434375 0.01953125 0.0625
1 0.164453125 0.440625 0.026953125 0.06640625
1 0.2765625 0.43046875 0.01953125 0.06875
1 0.512890625 0.48359375 0.02109375 0.0921875
1 0.512109375 0.44296875 0.023828125 0.071875
2 0.5390625 0.509375 0.013671875 0.03046875
0 0.769140625 0.41171875 0.14296875 0.10546875