1 0.90546875 0.5625 0.0359375 0.09375
1 0.677734375 0.709375 0.030859375 0.14453125
1 0.34453125 0.51015625 0.023046875 0.08046875
1 0.255078125 0.578125 0.030078125 0.10703125
1 0.1484375 0.55 0.020703125 0.08125
1 0.635546875 0.51796875 0.0234375 0.0890625
1 0.541796875 0.53828125 0.0265625 0.09375
1 0.262109375 0.521875 0.0234375 0.08828125
1 0.01015625 0.478125 0.0203125 0.078125
1 0.764453125 0.4984375 0.028515625 0.08046875
1 0.57734375 0.50859375 0.024609375 0.08046875
1 0.415234375 0.4828125 0.026953125 0.06875
1 0.8921875 0.55 0.020703125 0.103125
1 0.58984375 0.4640625 0.019140625 0.05859375
1 0.615625 0.4703125 0.0234375 0.06796875
2 0.547265625 0.4703125 0.009375 0.015625