1 0.287109375 0.3703125 0.023828125 0.07265625
1 0.858203125 0.490625 0.037109375 0.14296875
1 0.531640625 0.4890625 0.041015625 0.14453125
1 0.128515625 0.4 0.025390625 0.1046875
1 0.378515625 0.4171875 0.025390625 0.09609375
1 0.78828125 0.4078125 0.019921875 0.10546875
1 0.9609375 0.4359375 0.02421875 0.11015625
1 0.66484375 0.44140625 0.033203125 0.11796875
1 0.624609375 0.3515625 0.01953125 0.06796875
1 0.346875 0.30859375 0.014453125 0.05
1 0.44453125 0.3015625 0.015625 0.05390625
1 0.769921875 0.3078125 0.01953125 0.06875
1 0.9375 0.390625 0.01875 0.08359375
1 0.676953125 0.33359375 0.01640625 0.071875
1 0.5484375 0.3171875 0.019921875 0.053125
1 0.54140625 0.29296875 0.01171875 0.04609375
1 0.602734375 0.28984375 0.016015625 0.03828125
1 0.80390625 0.3109375 0.015625 0.0546875
1 0.775 0.4046875 0.02265625 0.10234375
2 0.4765625 0.45078125 0.015625 0.03125