1 0.197265625 0.63203125 0.03203125 0.1671875
1 0.91015625 0.48046875 0.022265625 0.07734375
1 0.873046875 0.54453125 0.026953125 0.121875
1 0.05078125 0.49609375 0.025390625 0.0921875
1 0.560546875 0.51484375 0.025 0.1046875
1 0.2515625 0.4875 0.02109375 0.06328125
1 0.213671875 0.49375 0.02109375 0.08515625
1 0.4625 0.46875 0.019921875 0.06796875
1 0.41953125 0.49765625 0.02421875 0.0828125
1 0.798828125 0.46796875 0.019921875 0.078125
1 0.373828125 0.6484375 0.03671875 0.17109375
1 0.499609375 0.471875 0.01953125 0.06953125
1 0.5203125 0.478125 0.019921875 0.06484375
1 0.5359375 0.471875 0.01796875 0.07109375
1 0.337109375 0.48203125 0.026953125 0.09921875
1 0.06015625 0.4671875 0.019921875 0.06953125
1 0.38671875 0.4640625 0.016796875 0.075
1 0.402734375 0.46796875 0.0203125 0.0875
0 0.0375 0.453125 0.074609375 0.10859375