1 0.042578125 0.51171875 0.024609375 0.09609375
1 0.115234375 0.47421875 0.018359375 0.05859375
1 0.655859375 0.4796875 0.02578125 0.08046875
1 0.31953125 0.490625 0.022265625 0.084375
1 0.573046875 0.47421875 0.0265625 0.0609375
1 0.355078125 0.52421875 0.020703125 0.10234375
1 0.533203125 0.45546875 0.01875 0.0515625
1 0.63515625 0.46015625 0.02421875 0.0546875
1 0.141015625 0.45546875 0.016015625 0.05234375
1 0.0984375 0.46015625 0.03046875 0.08671875
1 0.1703125 0.4640625 0.038671875 0.0953125
1 0.2828125 0.4703125 0.031640625 0.10703125
1 0.335546875 0.4484375 0.025 0.0828125
1 0.416015625 0.4578125 0.024609375 0.096875
2 0.448828125 0.48046875 0.012109375 0.02109375