1 0.06328125 0.52109375 0.02265625 0.09609375
1 0.380859375 0.4890625 0.023046875 0.07578125
1 0.2703125 0.49609375 0.021875 0.078125
1 0.59921875 0.51640625 0.025 0.10078125
1 0.9453125 0.53515625 0.0265625 0.15078125
1 0.537109375 0.5 0.02265625 0.08671875
1 0.14375 0.49921875 0.01875 0.06875
1 0.3046875 0.490625 0.02109375 0.078125
1 0.255859375 0.61875 0.027734375 0.15859375
1 0.8515625 0.471875 0.022265625 0.08359375
1 0.946875 0.46796875 0.025390625 0.0578125
1 0.41640625 0.48125 0.019921875 0.0640625
1 0.484765625 0.48046875 0.018359375 0.07421875
1 0.11328125 0.47265625 0.021484375 0.06796875
1 0.443359375 0.63984375 0.044921875 0.1921875
1 0.462109375 0.4734375 0.018359375 0.08203125
1 0.50859375 0.48046875 0.021875 0.0671875
0 0.068359375 0.45546875 0.13671875 0.10859375