1 0.72265625 0.5203125 0.02734375 0.1078125
1 0.4109375 0.54296875 0.03828125 0.1265625
1 0.68046875 0.484375 0.02265625 0.08046875
1 0.276953125 0.471875 0.01953125 0.075
1 0.510546875 0.47265625 0.024609375 0.08203125
1 0.426171875 0.46171875 0.01875 0.07421875
1 0.697265625 0.440625 0.022265625 0.06640625
1 0.163671875 0.43125 0.02109375 0.06953125
1 0.4953125 0.446875 0.025 0.103125
1 0.12734375 0.45078125 0.022265625 0.0765625
1 0.22890625 0.4390625 0.02265625 0.07421875
1 0.288671875 0.4359375 0.019140625 0.07265625
1 0.5515625 0.4921875 0.0203125 0.0578125
1 0.55 0.45390625 0.01484375 0.0671875
1 0.565234375 0.453125 0.0265625 0.0953125
0 0.691796875 0.415625 0.151953125 0.10546875