1 0.511328125 0.46015625 0.030078125 0.128125
1 0.649609375 0.39453125 0.022265625 0.08515625
1 0.44296875 0.38203125 0.0203125 0.084375
1 0.729296875 0.42265625 0.02421875 0.109375
1 0.938671875 0.45625 0.034765625 0.128125
1 0.189453125 0.3890625 0.023828125 0.096875
1 0.94296875 0.375 0.0234375 0.065625
1 0.352734375 0.36875 0.019921875 0.0703125
1 0.826953125 0.41953125 0.029296875 0.10859375
1 0.37265625 0.31015625 0.0140625 0.04921875
1 0.544921875 0.31484375 0.0140625 0.04921875
1 0.620703125 0.35078125 0.01875 0.07265625
1 0.816015625 0.31171875 0.014453125 0.04609375
1 0.487890625 0.30625 0.016796875 0.0515625
1 0.67421875 0.328125 0.01953125 0.0671875
1 0.5640625 0.29296875 0.01171875 0.04453125
1 0.791796875 0.309375 0.012890625 0.0515625
1 0.8140625 0.4 0.021484375 0.10390625
2 0.455859375 0.41171875 0.0140625 0.03046875