1 0.603125 0.65234375 0.033984375 0.13984375
1 0.28828125 0.54375 0.023828125 0.0890625
1 0.337109375 0.503125 0.021484375 0.0796875
1 0.85234375 0.55546875 0.02265625 0.0859375
1 0.80859375 0.56875 0.025 0.096875
1 0.390234375 0.4921875 0.019140625 0.06640625
1 0.22265625 0.52109375 0.025 0.08203125
1 0.506640625 0.525 0.0234375 0.0828125
1 0.6171875 0.51640625 0.02265625 0.075
1 0.473828125 0.47890625 0.028125 0.0578125
1 0.669921875 0.4546875 0.020703125 0.0890625
1 0.7875 0.49921875 0.02265625 0.0921875
1 0.592578125 0.446875 0.021875 0.059375
1 0.620703125 0.44375 0.01796875 0.065625
1 0.235546875 0.47109375 0.02421875 0.0734375
1 0.57421875 0.49453125 0.012109375 0.0796875
1 0.584765625 0.496875 0.0203125 0.08828125
0 0.1484375 0.45859375 0.18125 0.1109375