1 0.223046875 0.4859375 0.01875 0.065625
1 0.410546875 0.48125 0.02578125 0.0671875
1 0.59765625 0.5109375 0.02734375 0.10390625
1 0.30625 0.49609375 0.021484375 0.08203125
1 0.098046875 0.51484375 0.02109375 0.0890625
1 0.04609375 0.521875 0.021484375 0.0859375
1 0.948828125 0.48359375 0.02109375 0.08046875
1 0.287890625 0.60390625 0.027734375 0.153125
1 0.884375 0.46953125 0.019921875 0.08359375
1 0.980078125 0.5421875 0.023828125 0.121875
1 0.38046875 0.48828125 0.017578125 0.06875
1 0.47421875 0.62265625 0.034375 0.15078125
1 0.14375 0.47109375 0.017578125 0.0734375
1 0.476953125 0.47890625 0.02109375 0.0765625
1 0.54453125 0.48984375 0.0421875 0.034375
1 0.588671875 0.4796875 0.02109375 0.075
1 0.436328125 0.4859375 0.0203125 0.0671875
1 0.4609375 0.46640625 0.022265625 0.06796875
1 0.448828125 0.47265625 0.01796875 0.071875
0 0.089453125 0.459375 0.17421875 0.10625