1 0.402734375 0.49453125 0.028125 0.12890625
1 0.86015625 0.50546875 0.03203125 0.13515625
1 0.152734375 0.42890625 0.023046875 0.1015625
1 0.968359375 0.39765625 0.01953125 0.078125
1 0.427734375 0.390625 0.019140625 0.0671875
1 0.746875 0.44765625 0.02578125 0.1046875
1 0.76953125 0.4125 0.0203125 0.07734375
1 0.6015625 0.39375 0.01796875 0.06328125
1 0.991015625 0.409375 0.015234375 0.0734375
1 0.332421875 0.35703125 0.021484375 0.075
1 0.48828125 0.3765625 0.020703125 0.08203125
1 0.51484375 0.390625 0.019140625 0.08671875
1 0.548046875 0.3484375 0.01796875 0.06328125
1 0.573828125 0.38203125 0.02265625 0.1109375
1 0.578125 0.33671875 0.012890625 0.053125
1 0.669140625 0.3765625 0.028515625 0.08671875
1 0.795703125 0.35859375 0.016015625 0.06796875
1 0.804296875 0.35703125 0.01171875 0.07109375