1 0.62421875 0.5125 0.026171875 0.10234375
1 0.408984375 0.47890625 0.019921875 0.071875
1 0.342578125 0.5984375 0.026953125 0.1453125
1 0.370703125 0.49609375 0.02109375 0.08203125
1 0.94765625 0.46875 0.017578125 0.0765625
1 0.660546875 0.4953125 0.021484375 0.08984375
1 0.519140625 0.484375 0.01875 0.06640625
1 0.334375 0.48515625 0.019921875 0.06484375
1 0.5375 0.603125 0.0265625 0.13828125
1 0.56328125 0.478125 0.0203125 0.059375
1 0.9890625 0.48046875 0.019921875 0.0859375
1 0.164453125 0.50703125 0.020703125 0.07890625
1 0.146875 0.50859375 0.0203125 0.0734375
1 0.251171875 0.4671875 0.03125 0.065625
1 0.31015625 0.47890625 0.0203125 0.0734375
1 0.474609375 0.4671875 0.020703125 0.065625
1 0.46796875 0.4921875 0.018359375 0.07890625
1 0.46015625 0.475 0.016015625 0.06875
1 0.44765625 0.4765625 0.013671875 0.0796875
2 0.425390625 0.49453125 0.009375 0.025
0 0.146484375 0.45234375 0.171875 0.10390625