1 0.678125 0.50859375 0.02734375 0.0984375
1 0.544921875 0.48125 0.0203125 0.0703125
1 0.430078125 0.5875 0.026953125 0.14296875
1 0.73203125 0.4953125 0.019921875 0.08359375
1 0.574609375 0.47421875 0.01875 0.0625
1 0.447265625 0.49140625 0.02265625 0.09453125
1 0.398828125 0.4640625 0.01875 0.065625
1 0.49765625 0.47578125 0.02265625 0.08359375
1 0.333203125 0.48359375 0.01796875 0.06328125
1 0.613671875 0.48671875 0.019140625 0.065625
1 0.626953125 0.58359375 0.0296875 0.1109375
1 0.35390625 0.4734375 0.025390625 0.0515625
1 0.234765625 0.490625 0.020703125 0.06875
1 0.221875 0.48984375 0.017578125 0.0703125
1 0.4515625 0.4625 0.010546875 0.07265625
1 0.464453125 0.4609375 0.013671875 0.06875
1 0.4796875 0.48203125 0.015625 0.090625
2 0.315234375 0.490625 0.009765625 0.02109375
0 0.226953125 0.45234375 0.17265625 0.10625