1 0.148828125 0.4796875 0.021484375 0.08046875
1 0.008203125 0.52734375 0.016015625 0.09609375
1 0.060546875 0.55546875 0.025 0.1140625
1 0.540234375 0.5140625 0.0359375 0.121875
1 0.088671875 0.49765625 0.023828125 0.07421875
1 0.2609375 0.4796875 0.01796875 0.078125
1 0.275 0.4828125 0.02109375 0.07734375
1 0.534375 0.465625 0.01484375 0.0609375
1 0.615625 0.46484375 0.016796875 0.07109375
1 0.341015625 0.465625 0.01328125 0.053125
1 0.352734375 0.46640625 0.011328125 0.0703125
1 0.3671875 0.4703125 0.017578125 0.07421875
2 0.6453125 0.4890625 0.013671875 0.021875