1 0.514453125 0.5 0.01953125 0.07265625
1 0.989453125 0.53046875 0.02109375 0.109375
1 0.787109375 0.47734375 0.01953125 0.084375
1 0.691015625 0.47109375 0.019921875 0.07265625
1 0.875 0.7140625 0.04140625 0.2203125
1 0.98125 0.70859375 0.0375 0.2328125
1 0.3703125 0.44921875 0.016015625 0.0515625
1 0.585546875 0.4578125 0.0234375 0.078125
1 0.383203125 0.45859375 0.018359375 0.07265625
1 0.60859375 0.434375 0.016796875 0.06875
1 0.64609375 0.4453125 0.02109375 0.07578125
0 0.640625 0.41796875 0.14140625 0.0875