1 0.379296875 0.553125 0.032421875 0.1234375
1 0.26796875 0.4796875 0.021484375 0.08671875
1 0.60859375 0.4953125 0.019140625 0.0859375
1 0.76171875 0.4734375 0.01875 0.07421875
1 0.08359375 0.490625 0.02734375 0.09921875
1 0.35546875 0.44140625 0.020703125 0.08359375
1 0.678515625 0.51015625 0.0390625 0.090625
1 0.111328125 0.45 0.020703125 0.07578125
1 0.565625 0.4625 0.01796875 0.084375
1 0.43984375 0.45859375 0.02265625 0.07890625
1 0.220703125 0.43671875 0.01953125 0.0609375
1 0.171875 0.43515625 0.020703125 0.07109375
1 0.598046875 0.43046875 0.01875 0.0609375
1 0.676171875 0.45546875 0.019140625 0.06640625
1 0.66328125 0.4484375 0.014453125 0.078125
1 0.431640625 0.4421875 0.021484375 0.0703125
0 0.65546875 0.409375 0.1484375 0.10390625