1 0.34375 0.5546875 0.03046875 0.13984375
1 0.942578125 0.609375 0.041796875 0.1734375
1 0.770703125 0.50625 0.02578125 0.10625
1 0.097265625 0.4890625 0.033203125 0.11640625
1 0.391796875 0.43984375 0.01875 0.07578125
1 0.98984375 0.4421875 0.0203125 0.08125
1 0.60703125 0.440625 0.018359375 0.06171875
1 0.672265625 0.43203125 0.016796875 0.0609375
1 0.81953125 0.415625 0.016796875 0.04765625
1 0.538671875 0.428125 0.018359375 0.05625
1 0.55859375 0.428125 0.017578125 0.053125
1 0.777734375 0.440625 0.0203125 0.059375
1 0.4734375 0.4265625 0.014453125 0.06015625
1 0.298828125 0.4109375 0.0171875 0.059375
1 0.794921875 0.41171875 0.021875 0.08359375
1 0.565234375 0.40546875 0.015625 0.05703125
1 0.5984375 0.38671875 0.022265625 0.065625