1 0.7625 0.55859375 0.026171875 0.09609375
1 0.58203125 0.6234375 0.028125 0.125
1 0.393359375 0.53671875 0.019921875 0.08828125
1 0.716796875 0.51640625 0.022265625 0.08046875
1 0.48671875 0.4859375 0.019140625 0.07265625
1 0.5546875 0.47265625 0.022265625 0.06953125
1 0.45390625 0.48359375 0.023046875 0.07734375
1 0.62265625 0.50078125 0.0375 0.11875
1 0.513671875 0.459375 0.021484375 0.0640625
1 0.627734375 0.465625 0.02421875 0.08046875
1 0.373828125 0.5125 0.0171875 0.08515625
1 0.657421875 0.496875 0.022265625 0.08046875
1 0.825390625 0.55234375 0.021484375 0.09375
1 0.827734375 0.48125 0.021875 0.07421875
1 0.790625 0.459375 0.02109375 0.0734375
1 0.85703125 0.47265625 0.02421875 0.07578125
2 0.52109375 0.4546875 0.00859375 0.0171875
0 0.311328125 0.45078125 0.171484375 0.12421875