1 0.54375 0.64453125 0.027734375 0.1203125
1 0.794921875 0.5546875 0.021875 0.09375
1 0.535546875 0.4890625 0.026171875 0.078125
1 0.59609375 0.4625 0.024609375 0.07109375
1 0.430078125 0.54296875 0.022265625 0.0859375
1 0.5578125 0.4765625 0.019921875 0.0796875
1 0.68984375 0.5296875 0.0328125 0.08515625
1 0.758984375 0.52265625 0.023828125 0.0765625
1 0.44921875 0.49140625 0.020703125 0.0796875
1 0.015625 0.64375 0.03046875 0.134375
1 0.4125 0.52109375 0.01640625 0.078125
1 0.63984375 0.45234375 0.018359375 0.0671875
1 0.665234375 0.4625 0.02265625 0.0484375
1 0.66640625 0.50625 0.018359375 0.0921875
1 0.855078125 0.4640625 0.0203125 0.06640625
1 0.8328125 0.49296875 0.020703125 0.0921875
1 0.842578125 0.55859375 0.026953125 0.096875
1 0.95625 0.478125 0.028515625 0.07578125
0 0.32109375 0.4546875 0.171484375 0.11171875