1 0.307421875 0.59609375 0.032421875 0.1625
1 0.37890625 0.46953125 0.01875 0.06640625
1 0.071484375 0.5296875 0.039453125 0.12265625
1 0.788671875 0.478125 0.020703125 0.0796875
1 0.78203125 0.54609375 0.02734375 0.1140625
1 0.60625 0.46875 0.01796875 0.07421875
1 0.46953125 0.46015625 0.017578125 0.0578125
1 0.6859375 0.47421875 0.01875 0.06953125
1 0.8171875 0.44609375 0.0171875 0.05859375
1 0.50390625 0.45546875 0.0171875 0.06171875
1 0.774609375 0.44296875 0.02109375 0.084375
1 0.625 0.46953125 0.019921875 0.07421875
1 0.315625 0.4359375 0.0234375 0.0765625
1 0.584765625 0.43359375 0.021875 0.0703125
1 0.633984375 0.42265625 0.016015625 0.0640625