1 0.271875 0.48125 0.02109375 0.0890625
1 0.341796875 0.56015625 0.034375 0.13046875
1 0.133203125 0.4875 0.025 0.09765625
1 0.621875 0.5015625 0.019140625 0.09609375
1 0.791015625 0.48046875 0.021875 0.08359375
1 0.724609375 0.46953125 0.028515625 0.08828125
1 0.444921875 0.45625 0.0234375 0.07734375
1 0.5578125 0.4671875 0.017578125 0.08125
1 0.608203125 0.50234375 0.029296875 0.09921875
1 0.58359375 0.434375 0.0203125 0.06796875
1 0.396484375 0.4375 0.021484375 0.06640625
1 0.2078125 0.43046875 0.022265625 0.0765625
1 0.71796875 0.45 0.0234375 0.08203125
1 0.116796875 0.4421875 0.0234375 0.065625
1 0.4078125 0.440625 0.023828125 0.0671875
0 0.67265625 0.4109375 0.14140625 0.10703125