1 0.584765625 0.51171875 0.026953125 0.0875
1 0.552734375 0.475 0.019140625 0.059375
1 0.317578125 0.4703125 0.022265625 0.08515625
1 0.294921875 0.46953125 0.01953125 0.07734375
1 0.621484375 0.4609375 0.013671875 0.05546875
1 0.633203125 0.45625 0.012109375 0.06328125
1 0.077734375 0.5546875 0.0390625 0.12421875
1 0.071875 0.496875 0.031640625 0.096875
1 0.088671875 0.47265625 0.016796875 0.075
1 0.222265625 0.48203125 0.017578125 0.071875
1 0.254296875 0.48828125 0.025 0.084375
2 0.663671875 0.4828125 0.0125 0.02421875