1 0.896875 0.5 0.021875 0.1
1 0.74140625 0.675 0.037109375 0.203125
1 0.34453125 0.459375 0.018359375 0.07265625
1 0.737890625 0.45859375 0.0203125 0.08046875
1 0.980078125 0.665625 0.03984375 0.20625
1 0.65390625 0.45859375 0.022265625 0.071875
1 0.507421875 0.453125 0.02109375 0.078125
1 0.4890625 0.49296875 0.016796875 0.06796875
1 0.38828125 0.4421875 0.019921875 0.05390625
1 0.662109375 0.43203125 0.0203125 0.075
1 0.5734375 0.42734375 0.021875 0.06875
0 0.608203125 0.41328125 0.13515625 0.08671875