1 0.0640625 0.534375 0.0328125 0.115625
1 0.2671875 0.60859375 0.030859375 0.16015625
1 0.631640625 0.47265625 0.02421875 0.0765625
1 0.6765625 0.50546875 0.0203125 0.10703125
1 0.3671875 0.471875 0.0203125 0.07890625
1 0.790625 0.546875 0.025 0.11875
1 0.79609375 0.471875 0.02109375 0.05859375
1 0.475390625 0.45859375 0.022265625 0.07109375
1 0.3484375 0.44453125 0.01875 0.06953125
1 0.573828125 0.4375 0.018359375 0.06015625
1 0.74921875 0.44609375 0.02109375 0.0703125
1 0.4640625 0.4578125 0.015625 0.078125
1 0.639453125 0.43671875 0.014453125 0.0734375