1 0.02421875 0.475 0.02265625 0.0796875
1 0.633203125 0.49609375 0.023828125 0.08203125
1 0.058203125 0.50234375 0.0296875 0.08046875
1 0.183984375 0.47578125 0.028515625 0.0890625
1 0.261328125 0.47421875 0.021875 0.07265625
1 0.569921875 0.46796875 0.021875 0.0625
1 0.233203125 0.47890625 0.023046875 0.0765625
1 0.111328125 0.54296875 0.037109375 0.13671875
1 0.651171875 0.459375 0.016796875 0.0671875
1 0.24296875 0.46484375 0.011328125 0.06328125
1 0.225390625 0.4609375 0.015234375 0.0703125
2 0.6890625 0.475 0.011328125 0.025