1 0.973828125 0.5609375 0.027734375 0.10703125
1 0.5 0.5171875 0.0203125 0.0703125
1 0.6625 0.62578125 0.026953125 0.13515625
1 0.449609375 0.6234375 0.03359375 0.13984375
1 0.3546875 0.5203125 0.01875 0.078125
1 0.307421875 0.4984375 0.01640625 0.0625
1 0.571875 0.5484375 0.025 0.09453125
1 0.602734375 0.52578125 0.021484375 0.0796875
1 0.4609375 0.51171875 0.01875 0.06796875
1 0.95546875 0.515625 0.021875 0.07734375
1 0.290234375 0.51875 0.0171875 0.0671875
1 0.677734375 0.534375 0.019140625 0.0703125
1 0.41796875 0.53515625 0.019921875 0.0734375
1 0.08828125 0.5328125 0.0203125 0.0890625
1 0.161328125 0.5296875 0.028125 0.090625
1 0.25546875 0.50703125 0.012890625 0.06171875
1 0.2703125 0.51171875 0.01875 0.07578125
1 0.972265625 0.509375 0.0140625 0.075
1 0.396875 0.5 0.0125 0.071875
1 0.41171875 0.4890625 0.01953125 0.065625
0 0.136328125 0.49609375 0.169921875 0.09921875