1 0.23125 0.47890625 0.023046875 0.0921875
1 0.61328125 0.49921875 0.023046875 0.0921875
1 0.4828125 0.4890625 0.023046875 0.08984375
1 0.770703125 0.496875 0.021875 0.0953125
1 0.29765625 0.55703125 0.031640625 0.13046875
1 0.785546875 0.44921875 0.01796875 0.07421875
1 0.433203125 0.421875 0.018359375 0.06640625
1 0.803125 0.475 0.026171875 0.0828125
1 0.548828125 0.4625 0.0171875 0.07265625
1 0.44765625 0.446875 0.015625 0.059375
1 0.584375 0.4296875 0.02109375 0.07421875
1 0.28828125 0.4234375 0.0203125 0.06875
1 0.345703125 0.440625 0.013671875 0.0515625
1 0.18359375 0.41953125 0.021484375 0.07109375
1 0.141015625 0.43203125 0.020703125 0.07265625
1 0.28828125 0.48203125 0.02265625 0.08203125
0 0.697265625 0.403125 0.133984375 0.09140625