1 0.657421875 0.67265625 0.058984375 0.20703125
1 0.89765625 0.4984375 0.019921875 0.1
1 0.346484375 0.46171875 0.019140625 0.0734375
1 0.4640625 0.48515625 0.020703125 0.0828125
1 0.738671875 0.46171875 0.0234375 0.08125
1 0.666796875 0.46328125 0.026171875 0.06953125
1 0.40078125 0.4296875 0.0203125 0.07734375
1 0.425390625 0.44765625 0.021875 0.06953125
1 0.47421875 0.44765625 0.01953125 0.07265625
1 0.55234375 0.43203125 0.02109375 0.053125
1 0.676953125 0.43359375 0.02265625 0.07421875
0 0.5890625 0.40859375 0.138671875 0.0953125