1 0.41484375 0.72265625 0.031640625 0.1578125
1 0.562109375 0.49765625 0.0234375 0.08046875
1 0.4046875 0.50625 0.021875 0.08515625
1 0.6921875 0.4703125 0.021484375 0.0625
1 0.767578125 0.559375 0.022265625 0.10234375
1 0.44921875 0.5671875 0.0234375 0.1015625
1 0.36953125 0.5453125 0.0234375 0.08125
1 0.603515625 0.4703125 0.01875 0.071875
1 0.515625 0.4890625 0.026171875 0.08359375
1 0.8265625 0.5015625 0.0234375 0.08203125
1 0.651953125 0.46015625 0.02109375 0.0703125
1 0.905859375 0.48125 0.021875 0.07265625
1 0.634375 0.51640625 0.027734375 0.08828125
1 0.850390625 0.5671875 0.02890625 0.11015625
1 0.7984375 0.553125 0.0234375 0.0984375
1 0.788671875 0.52265625 0.021484375 0.09375
0 0.230859375 0.45390625 0.171484375 0.121875