1 0.819921875 0.54609375 0.028515625 0.1234375
1 0.24140625 0.6203125 0.0359375 0.1765625
1 0.017578125 0.525 0.027734375 0.1078125
1 0.349609375 0.46953125 0.02109375 0.07578125
1 0.659375 0.52265625 0.027734375 0.1171875
1 0.633984375 0.478125 0.023046875 0.08125
1 0.470703125 0.4734375 0.017578125 0.0703125
1 0.60390625 0.4734375 0.026171875 0.090625
1 0.74453125 0.45625 0.019921875 0.075
1 0.784375 0.45546875 0.020703125 0.08515625
1 0.492578125 0.4625 0.018359375 0.07734375
1 0.800390625 0.48203125 0.021484375 0.08671875
1 0.5921875 0.4375 0.01796875 0.053125
1 0.632421875 0.42890625 0.020703125 0.05859375
2 0.3578125 0.4796875 0.008984375 0.02578125