1 0.497265625 0.490625 0.019921875 0.06953125
1 0.64921875 0.58671875 0.02890625 0.12734375
1 0.933203125 0.53046875 0.023828125 0.1046875
1 0.977734375 0.49296875 0.0234375 0.0765625
1 0.4734375 0.59453125 0.03125 0.1359375
1 0.417578125 0.50234375 0.02109375 0.071875
1 0.098828125 0.51015625 0.01796875 0.06875
1 0.34296875 0.49609375 0.018359375 0.0765625
1 0.220703125 0.48046875 0.01875 0.06953125
1 0.60546875 0.496875 0.018359375 0.075
1 0.548828125 0.51875 0.025 0.09453125
1 0.44375 0.48359375 0.01640625 0.06328125
1 0.953125 0.48359375 0.01875 0.075
1 0.666796875 0.4984375 0.018359375 0.0734375
1 0.27109375 0.4921875 0.018359375 0.0734375
1 0.36640625 0.48203125 0.017578125 0.06796875
1 0.292578125 0.478125 0.017578125 0.0765625
1 0.160546875 0.5015625 0.026171875 0.090625
1 0.409375 0.46796875 0.0171875 0.0671875
0 0.110546875 0.4671875 0.192578125 0.109375