1 0.259375 0.553125 0.02890625 0.125
1 0.4375 0.47734375 0.019921875 0.08046875
1 0.217578125 0.47734375 0.021875 0.08984375
1 0.70703125 0.50078125 0.020703125 0.0984375
1 0.75703125 0.44765625 0.019921875 0.071875
1 0.56328125 0.49140625 0.022265625 0.09453125
1 0.2546875 0.4703125 0.019921875 0.065625
1 0.526171875 0.4578125 0.019921875 0.07109375
1 0.780859375 0.46953125 0.0234375 0.084375
1 0.1546875 0.4203125 0.020703125 0.07421875
1 0.39609375 0.41796875 0.017578125 0.06484375
1 0.108984375 0.4296875 0.022265625 0.0890625
1 0.287890625 0.4296875 0.017578125 0.07734375
1 0.41171875 0.43984375 0.017578125 0.07265625
1 0.55703125 0.428125 0.02265625 0.04609375
0 0.657421875 0.4 0.121484375 0.08515625