1 0.232421875 0.61171875 0.032421875 0.16171875
1 0.796484375 0.53671875 0.023828125 0.1234375
1 0.3765625 0.465625 0.02109375 0.06328125
1 0.7578125 0.48828125 0.020703125 0.0921875
1 0.95 0.48125 0.01875 0.08203125
1 0.926953125 0.48359375 0.019921875 0.08515625
1 0.516796875 0.48359375 0.021484375 0.08046875
1 0.49921875 0.46484375 0.01953125 0.06796875
1 0.010546875 0.50859375 0.020703125 0.10625
1 0.459765625 0.47734375 0.01953125 0.07421875
1 0.735546875 0.45625 0.018359375 0.08046875
1 0.5671875 0.453125 0.015625 0.06953125
1 0.58203125 0.43046875 0.01640625 0.06796875
1 0.583203125 0.48515625 0.01640625 0.09609375
1 0.59296875 0.53046875 0.021484375 0.1234375
1 0.694140625 0.45859375 0.0171875 0.0796875
2 0.3921875 0.4875 0.009375 0.01875