1 0.366015625 0.7921875 0.03828125 0.1859375
1 0.742578125 0.5578125 0.0234375 0.1
1 0.460546875 0.578125 0.025 0.1109375
1 0.3953125 0.50703125 0.025390625 0.09453125
1 0.81484375 0.52421875 0.023046875 0.09296875
1 0.566015625 0.49296875 0.024609375 0.08515625
1 0.34140625 0.5578125 0.025 0.0859375
1 0.834375 0.49921875 0.02578125 0.09453125
1 0.555859375 0.4703125 0.021875 0.08125
1 0.701953125 0.46796875 0.021875 0.06796875
1 0.499609375 0.48359375 0.0234375 0.0859375
1 0.659375 0.45703125 0.025 0.08046875
1 0.63515625 0.515625 0.026953125 0.09140625
1 0.96171875 0.49453125 0.030078125 0.09921875
1 0.87421875 0.5703125 0.01875 0.10390625
1 0.86953125 0.540625 0.031640625 0.1046875
0 0.1796875 0.4484375 0.17890625 0.11171875