1 0.735546875 0.5546875 0.021875 0.10546875
1 0.571484375 0.49375 0.0203125 0.08515625
1 0.488671875 0.60625 0.024609375 0.11484375
1 0.371484375 0.8578125 0.039453125 0.18359375
1 0.400390625 0.50625 0.025390625 0.09296875
1 0.715625 0.46484375 0.026171875 0.0625
1 0.673046875 0.45625 0.02578125 0.075
1 0.513671875 0.4640625 0.0203125 0.07578125
1 0.33359375 0.578125 0.02421875 0.0953125
1 0.644921875 0.5234375 0.02421875 0.096875
1 0.95078125 0.54375 0.03359375 0.1
1 0.494921875 0.4734375 0.0234375 0.084375
1 0.901953125 0.56171875 0.02890625 0.11171875
1 0.84375 0.52421875 0.021875 0.07578125
1 0.84921875 0.49375 0.026171875 0.11484375
0 0.15 0.440625 0.173046875 0.115625