1 0.63359375 0.5890625 0.02890625 0.12421875
1 0.103125 0.51796875 0.019140625 0.0703125
1 0.905078125 0.5359375 0.022265625 0.10546875
1 0.98125 0.4984375 0.02421875 0.078125
1 0.501953125 0.496875 0.020703125 0.06875
1 0.501171875 0.60859375 0.0296875 0.1484375
1 0.960546875 0.4953125 0.019921875 0.08046875
1 0.4203125 0.50078125 0.024609375 0.0875
1 0.3421875 0.5046875 0.0234375 0.07890625
1 0.532421875 0.52890625 0.025 0.09453125
1 0.6546875 0.50078125 0.021484375 0.084375
1 0.61328125 0.50546875 0.022265625 0.08984375
1 0.266015625 0.4953125 0.022265625 0.09296875
1 0.162890625 0.521875 0.02109375 0.075
1 0.17734375 0.48984375 0.01953125 0.0703125
1 0.32265625 0.49453125 0.015625 0.06796875
1 0.351953125 0.484375 0.01875 0.071875
1 0.42890625 0.4796875 0.0140625 0.05
1 0.41484375 0.4734375 0.01484375 0.0625
0 0.093359375 0.48203125 0.17734375 0.11953125