1 0.255859375 0.52265625 0.021875 0.1015625
1 0.180078125 0.4765625 0.02265625 0.08359375
1 0.704296875 0.46875 0.02421875 0.07265625
1 0.134765625 0.47578125 0.02109375 0.08828125
1 0.066015625 0.50546875 0.029296875 0.10546875
1 0.498046875 0.45390625 0.018359375 0.0625
1 0.105859375 0.46953125 0.015625 0.06796875
1 0.116015625 0.4703125 0.01328125 0.07734375
1 0.616015625 0.4546875 0.019921875 0.06171875
1 0.678125 0.44609375 0.014453125 0.059375
1 0.73984375 0.44765625 0.019140625 0.0625
0 0.9015625 0.44375 0.15703125 0.10546875