1 0.394921875 0.46015625 0.021484375 0.0734375
1 0.49921875 0.484375 0.0171875 0.08671875
1 0.603125 0.50234375 0.02578125 0.1
1 0.195703125 0.54921875 0.02421875 0.12890625
1 0.183984375 0.47578125 0.01796875 0.08359375
1 0.465234375 0.44921875 0.016796875 0.06796875
1 0.714453125 0.46015625 0.019921875 0.07421875
1 0.152734375 0.47421875 0.01953125 0.08359375
1 0.678515625 0.43671875 0.016796875 0.0671875
1 0.34453125 0.43203125 0.0171875 0.059375
1 0.213671875 0.43671875 0.018359375 0.059375
1 0.040234375 0.425 0.0203125 0.06640625
1 0.08515625 0.4171875 0.016015625 0.0484375
1 0.25234375 0.4203125 0.01484375 0.0625
1 0.318359375 0.4109375 0.019921875 0.05078125
1 0.495703125 0.41875 0.01875 0.06328125
2 0.56640625 0.4453125 0.01015625 0.025
0 0.5796875 0.39296875 0.1109375 0.08203125