1 0.8109375 0.62265625 0.0359375 0.1671875
1 0.671875 0.51640625 0.023046875 0.1015625
1 0.14921875 0.60078125 0.0421875 0.15859375
1 0.44921875 0.53203125 0.022265625 0.1125
1 0.928125 0.4875 0.019921875 0.0875
1 0.259375 0.4640625 0.019921875 0.08125
1 0.755078125 0.47421875 0.022265625 0.0703125
1 0.340234375 0.50390625 0.022265625 0.09765625
1 0.601171875 0.47890625 0.02109375 0.08203125
1 0.39140625 0.484375 0.019140625 0.07265625
1 0.42734375 0.465625 0.01953125 0.0703125
1 0.33359375 0.4640625 0.02109375 0.06796875
1 0.451953125 0.47734375 0.0125 0.0703125
1 0.475390625 0.45859375 0.015625 0.05078125
1 0.4890625 0.4546875 0.015234375 0.05390625
1 0.58125 0.4625 0.0125 0.06875
1 0.6078125 0.46953125 0.017578125 0.0734375
1 0.76875 0.4734375 0.014453125 0.07578125
2 0.502734375 0.46953125 0.013671875 0.02109375