1 0.76484375 0.5578125 0.022265625 0.1046875
1 0.45234375 0.9328125 0.04375 0.134375
1 0.537109375 0.61484375 0.02421875 0.13671875
1 0.421875 0.50546875 0.02421875 0.0921875
1 0.7453125 0.45703125 0.02421875 0.0859375
1 0.576171875 0.50234375 0.02109375 0.0609375
1 0.68125 0.45703125 0.021875 0.0734375
1 0.871875 0.5 0.0296875 0.0921875
1 0.50078125 0.46484375 0.020703125 0.08203125
1 0.516796875 0.46953125 0.019921875 0.084375
1 0.88203125 0.5203125 0.021875 0.109375
1 0.357421875 0.6015625 0.030078125 0.13203125
1 0.68671875 0.5375 0.0203125 0.11484375
1 0.92734375 0.56875 0.02890625 0.10625
0 0.14296875 0.43984375 0.187890625 0.11328125