1 0.091796875 0.44921875 0.02109375 0.075
1 0.535546875 0.48984375 0.02109375 0.10234375
1 0.934765625 0.5671875 0.040234375 0.1546875
1 0.19375 0.515625 0.034375 0.11875
1 0.122265625 0.45 0.0203125 0.0765625
1 0.435546875 0.45078125 0.0171875 0.08046875
1 0.648046875 0.428125 0.01796875 0.07109375
1 0.36640625 0.42578125 0.01953125 0.0640625
1 0.3984375 0.41640625 0.015625 0.06015625
1 0.4328125 0.3859375 0.018359375 0.05625
1 0.29609375 0.4 0.019921875 0.059375
1 0.23984375 0.3796875 0.015234375 0.05078125
1 0.5984375 0.40703125 0.016015625 0.071875
1 0.212890625 0.3859375 0.016796875 0.05390625
1 0.13203125 0.4046875 0.02265625 0.0609375
1 0.013671875 0.38828125 0.020703125 0.05390625
2 0.58125 0.42578125 0.01015625 0.01875
0 0.5 0.36640625 0.10234375 0.07265625