1 0.93828125 0.5171875 0.027734375 0.10546875
1 0.083984375 0.6015625 0.0421875 0.1578125
1 0.73984375 0.60234375 0.030859375 0.14140625
1 0.601171875 0.51015625 0.02109375 0.09296875
1 0.8390625 0.48046875 0.021875 0.0828125
1 0.712890625 0.471875 0.0203125 0.0734375
1 0.149609375 0.46484375 0.021484375 0.08125
1 0.2828125 0.5125 0.028515625 0.09609375
1 0.387890625 0.5109375 0.020703125 0.06875
1 0.530078125 0.4765625 0.02265625 0.071875
1 0.350390625 0.475 0.0203125 0.08046875
1 0.255859375 0.46875 0.020703125 0.08046875
1 0.465234375 0.45 0.020703125 0.0578125
1 0.392578125 0.48046875 0.0203125 0.071875
1 0.5421875 0.459375 0.01171875 0.0625
1 0.566015625 0.45859375 0.01953125 0.0578125
2 0.4625 0.46953125 0.00859375 0.0171875