1 0.57890625 0.63984375 0.031640625 0.13359375
1 0.57578125 0.48828125 0.01953125 0.078125
1 0.438671875 0.5046875 0.025 0.09140625
1 0.790625 0.5625 0.02265625 0.109375
1 0.883203125 0.5 0.02421875 0.09453125
1 0.678125 0.45703125 0.020703125 0.0609375
1 0.5453125 0.471875 0.020703125 0.0828125
1 0.765625 0.45625 0.021875 0.08515625
1 0.91640625 0.52421875 0.021875 0.09140625
1 0.49140625 0.46171875 0.018359375 0.07265625
1 0.37734375 0.61640625 0.026953125 0.14140625
1 0.71875 0.5390625 0.02890625 0.1109375
1 0.965625 0.57578125 0.03828125 0.115625
0 0.14140625 0.425 0.177734375 0.1359375