1 0.89921875 0.50546875 0.021484375 0.1
1 0.045703125 0.6140625 0.047265625 0.165625
1 0.741796875 0.58671875 0.043359375 0.14375
1 0.565625 0.5 0.019921875 0.0828125
1 0.783984375 0.47421875 0.02109375 0.07578125
1 0.714453125 0.47109375 0.017578125 0.0625
1 0.699609375 0.46875 0.01953125 0.06484375
1 0.344140625 0.53515625 0.021875 0.11171875
1 0.185546875 0.46953125 0.02265625 0.07734375
1 0.07578125 0.4609375 0.024609375 0.06953125
1 0.24296875 0.51328125 0.0359375 0.10078125
1 0.3015625 0.46640625 0.01953125 0.07734375
1 0.323828125 0.47109375 0.014453125 0.0828125
1 0.355078125 0.48203125 0.030859375 0.0890625
1 0.460546875 0.4484375 0.015234375 0.0640625
1 0.4734375 0.44921875 0.015234375 0.04296875
1 0.498828125 0.453125 0.02265625 0.0546875
1 0.491015625 0.47578125 0.0171875 0.06953125
1 0.542578125 0.45546875 0.018359375 0.05625