1 0.43046875 0.521875 0.02578125 0.1
1 0.322265625 0.47421875 0.02109375 0.078125
1 0.021484375 0.628125 0.042578125 0.16953125
1 0.219140625 0.49921875 0.023046875 0.0921875
1 0.7796875 0.45234375 0.019140625 0.06015625
1 0.262890625 0.46875 0.019921875 0.0703125
1 0.899609375 0.46328125 0.023046875 0.07265625
1 0.04921875 0.48125 0.024609375 0.08984375
1 0.820703125 0.45390625 0.021875 0.06796875
1 0.590625 0.44453125 0.016796875 0.06640625
1 0.225390625 0.45859375 0.01953125 0.06796875
1 0.326953125 0.45 0.01640625 0.05546875
2 0.921484375 0.47109375 0.01171875 0.02421875
0 0.9234375 0.43515625 0.153125 0.10703125
1 0.676171875 0.43828125 0.01875 0.0546875