1 0.11640625 0.575 0.05390625 0.1703125
1 0.1078125 0.39296875 0.020703125 0.08515625
1 0.498046875 0.459375 0.0328125 0.11015625
1 0.158203125 0.39921875 0.018359375 0.07578125
1 0.262109375 0.44765625 0.023046875 0.1078125
1 0.341015625 0.36171875 0.01640625 0.059375
1 0.27578125 0.359375 0.019921875 0.0640625
1 0.563671875 0.36171875 0.01640625 0.0609375
1 0.40546875 0.39140625 0.020703125 0.0703125
1 0.791015625 0.45859375 0.024609375 0.11640625
1 0.492578125 0.34453125 0.015234375 0.0546875
1 0.0703125 0.353125 0.016796875 0.05546875
1 0.18203125 0.33125 0.015625 0.05078125
1 0.148046875 0.3203125 0.016796875 0.0484375
1 0.2796875 0.334375 0.016015625 0.05
1 0.373046875 0.3234375 0.01875 0.05078125
2 0.5546875 0.38828125 0.01171875 0.02109375
0 0.409375 0.3046875 0.0890625 0.05703125