1 0.8671875 0.49609375 0.021484375 0.0859375
1 0.537890625 0.49375 0.019921875 0.08203125
1 0.807421875 0.59296875 0.040234375 0.1359375
1 0.025390625 0.62578125 0.05078125 0.1578125
1 0.751953125 0.46875 0.023828125 0.06640625
1 0.46875 0.465625 0.020703125 0.07578125
1 0.710546875 0.459375 0.022265625 0.0546875
1 0.21328125 0.51171875 0.029296875 0.0921875
1 0.31484375 0.528125 0.021875 0.08515625
1 0.495703125 0.45625 0.025390625 0.07890625
1 0.40546875 0.45390625 0.021484375 0.07421875
1 0.276953125 0.46953125 0.0203125 0.0828125
1 0.3 0.47265625 0.0171875 0.0796875
1 0.3359375 0.490625 0.02578125 0.10703125
1 0.130859375 0.4734375 0.025 0.0859375
1 0.0140625 0.46953125 0.025390625 0.096875