1 0.444921875 0.46171875 0.02265625 0.096875
1 0.628125 0.34296875 0.0171875 0.05390625
1 0.530859375 0.4 0.02265625 0.07578125
1 0.605859375 0.34375 0.01640625 0.05625
1 0.545703125 0.35546875 0.017578125 0.06328125
1 0.653125 0.33359375 0.016796875 0.05859375
1 0.663671875 0.3640625 0.01796875 0.06953125
1 0.58984375 0.35703125 0.01640625 0.06328125
1 0.553125 0.3015625 0.01484375 0.04296875
1 0.751953125 0.33359375 0.01484375 0.06796875
1 0.791015625 0.321875 0.01328125 0.04375
1 0.94609375 0.478125 0.026171875 0.0875
1 0.935546875 0.43984375 0.013671875 0.07421875
1 0.494140625 0.409375 0.015234375 0.04921875
1 0.49140625 0.36875 0.013671875 0.04375
1 0.489453125 0.3546875 0.01015625 0.046875
2 0.50390625 0.42265625 0.012109375 0.028125
0 0.553125 0.2921875 0.0953125 0.06875