1 0.0609375 0.596875 0.028125 0.11796875
1 0.5296875 0.56171875 0.023046875 0.0921875
1 0.8171875 0.55234375 0.0265625 0.08828125
1 0.910546875 0.5390625 0.0203125 0.0875
1 0.42734375 0.5390625 0.02421875 0.08203125
1 0.648828125 0.5515625 0.025390625 0.10859375
1 0.390625 0.54453125 0.0234375 0.075
1 0.163671875 0.51953125 0.0234375 0.08671875
1 0.568359375 0.515625 0.019921875 0.0859375
1 0.49765625 0.52890625 0.01796875 0.071875
1 0.152734375 0.4984375 0.023046875 0.06796875
1 0.552734375 0.528125 0.020703125 0.08671875
1 0.648046875 0.52578125 0.026171875 0.090625
1 0.519140625 0.50546875 0.0203125 0.075
1 0.50859375 0.52421875 0.021484375 0.084375
2 0.406640625 0.53828125 0.012109375 0.0328125