1 0.265625 0.4859375 0.024609375 0.096875
1 0.033984375 0.52890625 0.0265625 0.11171875
1 0.5125 0.5109375 0.023046875 0.1015625
1 0.06796875 0.5984375 0.040234375 0.15234375
1 0.405078125 0.4640625 0.01875 0.075
1 0.3609375 0.45625 0.01640625 0.06328125
1 0.031640625 0.459375 0.01875 0.0546875
1 0.716015625 0.428125 0.01484375 0.03828125
1 0.098046875 0.46640625 0.02421875 0.08046875
1 0.309765625 0.45078125 0.0234375 0.06328125
1 0.44453125 0.4375 0.01875 0.0703125
1 0.685546875 0.434375 0.019921875 0.0671875
1 0.87265625 0.440625 0.026171875 0.07578125
1 0.946875 0.43828125 0.015625 0.0625
0 0.962890625 0.41796875 0.073828125 0.103125