1 0.10625 0.5375 0.03046875 0.13046875
1 0.0171875 0.6109375 0.034375 0.17421875
1 0.40625 0.453125 0.022265625 0.09296875
1 0.58203125 0.3421875 0.0171875 0.0578125
1 0.5 0.39375 0.023828125 0.07109375
1 0.796484375 0.434375 0.029296875 0.10625
1 0.6328125 0.36484375 0.01875 0.06640625
1 0.4828125 0.38203125 0.02109375 0.09375
1 0.528125 0.35859375 0.01875 0.0609375
1 0.09609375 0.453125 0.029296875 0.090625
1 0.2125 0.7015625 0.057421875 0.18828125
1 0.726953125 0.31953125 0.015234375 0.05234375
1 0.536328125 0.30390625 0.0125 0.04453125
1 0.569921875 0.35625 0.0109375 0.0734375
1 0.74140625 0.340625 0.01171875 0.0546875
1 0.759765625 0.3234375 0.01328125 0.06015625
1 0.6390625 0.3328125 0.012109375 0.05390625
1 0.62734375 0.33671875 0.009375 0.05
0 0.530078125 0.29296875 0.093359375 0.06640625