1 0.43046875 0.4453125 0.01953125 0.07109375
1 0.5578125 0.5109375 0.0234375 0.10859375
1 0.74375 0.42734375 0.02578125 0.05625
1 0.46796875 0.4578125 0.022265625 0.07734375
1 0.09296875 0.5171875 0.0234375 0.10625
1 0.074609375 0.58203125 0.034765625 0.14296875
1 0.283984375 0.48203125 0.01953125 0.1
1 0.090234375 0.4546875 0.01796875 0.04765625
1 0.129296875 0.4578125 0.02109375 0.078125
1 0.371484375 0.43046875 0.01640625 0.07421875
1 0.527734375 0.42734375 0.021484375 0.07265625
1 0.734375 0.42265625 0.01796875 0.06328125
1 0.9265625 0.43203125 0.02265625 0.08671875