1 0.28671875 0.371875 0.021875 0.08515625
1 0.45234375 0.63046875 0.05703125 0.22734375
1 0.37421875 0.446875 0.038671875 0.11796875
1 0.3984375 0.34609375 0.016015625 0.06015625
1 0.132421875 0.3296875 0.016015625 0.0484375
1 0.33828125 0.375 0.019921875 0.06875
1 0.59375 0.34453125 0.01640625 0.06796875
1 0.25390625 0.3390625 0.015234375 0.06171875
1 0.5390625 0.371875 0.017578125 0.07421875
1 0.5984375 0.45078125 0.0265625 0.12421875
1 0.521484375 0.31640625 0.01640625 0.05546875
1 0.19453125 0.30078125 0.016796875 0.0546875
1 0.348828125 0.3078125 0.014453125 0.04921875
1 0.2578125 0.303125 0.013671875 0.05
1 0.422265625 0.29609375 0.0171875 0.04453125
1 0.037890625 0.3078125 0.021484375 0.0484375
2 0.58359375 0.36796875 0.0109375 0.021875
0 0.44921875 0.27890625 0.077734375 0.0546875