1 0.83203125 0.49140625 0.019921875 0.0828125
1 0.287109375 0.54140625 0.038671875 0.11328125
1 0.86953125 0.58515625 0.025390625 0.1171875
1 0.197265625 0.5203125 0.019140625 0.08828125
1 0.505078125 0.49453125 0.015625 0.07578125
1 0.68671875 0.4625 0.015234375 0.05625
1 0.662890625 0.46015625 0.01484375 0.05078125
1 0.72734375 0.47109375 0.01484375 0.06328125
1 0.441015625 0.475 0.025390625 0.075
1 0.47265625 0.45 0.012890625 0.05703125
1 0.483984375 0.45 0.0125 0.0625
1 0.328515625 0.49375 0.026953125 0.0890625
1 0.2515625 0.46953125 0.021484375 0.0640625
1 0.07265625 0.48203125 0.023046875 0.075
1 0.2875 0.48203125 0.027734375 0.07421875
1 0.338671875 0.45546875 0.01328125 0.0546875
2 0.501171875 0.465625 0.01015625 0.01953125