1 0.163671875 0.5546875 0.026171875 0.10625
1 0.577734375 0.50546875 0.0265625 0.08828125
1 0.8734375 0.521875 0.0234375 0.09765625
1 0.018359375 0.55546875 0.025390625 0.121875
1 0.194921875 0.5015625 0.02421875 0.07109375
1 0.990234375 0.509375 0.01953125 0.09609375
1 0.450390625 0.51875 0.02421875 0.08359375
1 0.54609375 0.53203125 0.027734375 0.128125
1 0.690625 0.52265625 0.030859375 0.11015625
1 0.432421875 0.51953125 0.019140625 0.0671875
1 0.55234375 0.5 0.019921875 0.0796875
1 0.67734375 0.5078125 0.022265625 0.0640625
1 0.672265625 0.48984375 0.014453125 0.090625
1 0.540234375 0.49296875 0.01796875 0.08984375