1 0.559765625 0.53125 0.033984375 0.1
1 0.19140625 0.53046875 0.02578125 0.11171875
1 0.4890625 0.496875 0.026171875 0.06796875
1 0.034375 0.534375 0.02734375 0.1140625
1 0.008984375 0.50703125 0.01796875 0.1046875
1 0.634375 0.4875 0.027734375 0.0875
1 0.92890625 0.4984375 0.02734375 0.0875
1 0.541015625 0.48046875 0.022265625 0.06875
1 0.25546875 0.44453125 0.01875 0.06015625
1 0.567578125 0.465625 0.01953125 0.075
1 0.18359375 0.4703125 0.0234375 0.0859375
1 0.7125 0.459375 0.02265625 0.071875
1 0.5765625 0.48359375 0.0203125 0.06953125
1 0.705078125 0.50234375 0.026171875 0.115625
1 0.49453125 0.4859375 0.015625 0.09453125