1 0.775390625 0.4890625 0.023828125 0.09453125
1 0.423046875 0.48046875 0.019140625 0.0921875
1 0.512890625 0.57890625 0.027734375 0.15078125
1 0.26484375 0.51015625 0.019921875 0.1046875
1 0.714453125 0.4890625 0.027734375 0.09765625
1 0.967578125 0.44609375 0.01640625 0.0625
1 0.341796875 0.4453125 0.016015625 0.06796875
1 0.69921875 0.42890625 0.022265625 0.0796875
1 0.5703125 0.42109375 0.018359375 0.065625
1 0.468359375 0.4328125 0.0171875 0.053125
1 0.7640625 0.45546875 0.01953125 0.07265625
1 0.794140625 0.440625 0.0171875 0.0625
2 0.456640625 0.45234375 0.008984375 0.0234375