1 0.385546875 0.45546875 0.02265625 0.09453125
1 0.5296875 0.35546875 0.015625 0.0546875
1 0.5703125 0.3484375 0.016796875 0.059375
1 0.630078125 0.33671875 0.016015625 0.06015625
1 0.614453125 0.340625 0.015234375 0.0609375
1 0.62421875 0.3609375 0.0203125 0.06796875
1 0.49140625 0.39140625 0.012109375 0.07265625
1 0.52109375 0.30234375 0.012890625 0.04453125
1 0.71953125 0.321875 0.012890625 0.04140625
1 0.7359375 0.33984375 0.009765625 0.04140625
1 0.74609375 0.32109375 0.0140625 0.04609375
1 0.703515625 0.4359375 0.025 0.075
1 0.48203125 0.3984375 0.013671875 0.059375
1 0.46875 0.38046875 0.013671875 0.05859375
1 0.479296875 0.359375 0.012109375 0.06015625