1 0.593359375 0.5265625 0.040234375 0.13671875
1 0.070703125 0.41796875 0.01953125 0.0828125
1 0.18359375 0.44921875 0.025 0.103125
1 0.32890625 0.5171875 0.030078125 0.128125
1 0.281640625 0.45234375 0.0234375 0.09140625
1 0.6078125 0.425 0.02265625 0.0828125
1 0.50703125 0.37421875 0.01640625 0.059375
1 0.853125 0.5140625 0.031640625 0.13203125
1 0.310546875 0.4046875 0.0171875 0.06796875
1 0.516796875 0.45703125 0.019140625 0.0953125
1 0.042578125 0.3625 0.019921875 0.06484375
1 0.808203125 0.85390625 0.10234375 0.2921875
1 0.28515625 0.38828125 0.01640625 0.06484375
1 0.183203125 0.37265625 0.0171875 0.059375
1 0.39609375 0.3578125 0.017578125 0.06015625
2 0.503125 0.39609375 0.010546875 0.02109375
0 0.398828125 0.3359375 0.0953125 0.06015625