1 0.603515625 0.496875 0.025 0.10546875
1 0.35390625 0.4625 0.019921875 0.08125
1 0.09921875 0.48046875 0.023046875 0.07734375
1 0.95234375 0.41875 0.013671875 0.04609375
1 0.155859375 0.55390625 0.0421875 0.1078125
1 0.24765625 0.44375 0.022265625 0.0609375
1 0.556640625 0.43359375 0.015625 0.0546875
1 0.22890625 0.496875 0.025 0.09375
1 0.493359375 0.41171875 0.0125 0.059375
1 0.169140625 0.43125 0.018359375 0.05234375
1 0.58984375 0.44453125 0.01796875 0.075
1 0.670703125 0.40859375 0.01796875 0.0625
1 0.7390625 0.4125 0.0171875 0.05625
1 0.837890625 0.42421875 0.01484375 0.07578125