1 0.37421875 0.4609375 0.02265625 0.09609375
1 0.571484375 0.34921875 0.018359375 0.0609375
1 0.54140625 0.35 0.01875 0.05703125
1 0.4703125 0.375 0.015625 0.075
1 0.608984375 0.34296875 0.014453125 0.0546875
1 0.459375 0.39453125 0.016796875 0.08203125
1 0.6140625 0.43515625 0.03046875 0.08984375
1 0.508203125 0.39375 0.02109375 0.08515625
1 0.51484375 0.3078125 0.013671875 0.0484375
1 0.723828125 0.32734375 0.012109375 0.05546875
1 0.744921875 0.3171875 0.012109375 0.04296875
1 0.73671875 0.3515625 0.011328125 0.0515625
1 0.625390625 0.4015625 0.016796875 0.06953125
1 0.6421875 0.3359375 0.009765625 0.053125
1 0.633984375 0.33125 0.009375 0.04296875
1 0.62890625 0.34765625 0.0125 0.0453125
1 0.634765625 0.36953125 0.0125 0.05703125
2 0.4609375 0.43359375 0.0109375 0.03359375
0 0.5078125 0.2984375 0.09609375 0.06953125