1 0.87421875 0.49375 0.034765625 0.0765625
1 0.103515625 0.5234375 0.02734375 0.11015625
1 0.964453125 0.4859375 0.023828125 0.07421875
1 0.69140625 0.459375 0.02109375 0.06015625
1 0.59609375 0.51953125 0.034375 0.09296875
1 0.096875 0.46484375 0.022265625 0.08203125
1 0.461328125 0.46953125 0.0203125 0.07890625
1 0.43984375 0.490625 0.01796875 0.06953125
1 0.423046875 0.4890625 0.019921875 0.07421875
1 0.55078125 0.4828125 0.037890625 0.0890625
1 0.1875 0.4390625 0.01953125 0.06328125
1 0.572265625 0.453125 0.018359375 0.071875
1 0.61015625 0.45703125 0.029296875 0.06796875
1 0.633984375 0.49765625 0.030859375 0.11015625