1 0.5015625 0.57421875 0.028515625 0.12421875
1 0.731640625 0.48125 0.017578125 0.07890625
1 0.247265625 0.4984375 0.02265625 0.09765625
1 0.428515625 0.471875 0.016796875 0.07890625
1 0.7484375 0.44296875 0.01640625 0.0609375
1 0.7 0.48125 0.0203125 0.0828125
1 0.637890625 0.44765625 0.017578125 0.0609375
1 0.348046875 0.434375 0.0125 0.0515625
1 0.469140625 0.42421875 0.013671875 0.0421875
1 0.591796875 0.41484375 0.019140625 0.06640625
1 0.675 0.4234375 0.021875 0.07421875
1 0.783984375 0.43046875 0.0234375 0.0734375
1 0.9171875 0.43515625 0.016796875 0.05078125
1 0.9953125 0.465625 0.008984375 0.12578125
0 0.441015625 0.40234375 0.11796875 0.075