1 0.79609375 0.5328125 0.044921875 0.13671875
1 0.248046875 0.459375 0.020703125 0.07578125
1 0.921484375 0.4234375 0.01796875 0.06875
1 0.498046875 0.51328125 0.031640625 0.10078125
1 0.67734375 0.446875 0.018359375 0.071875
1 0.652734375 0.446875 0.019140625 0.0703125
1 0.442578125 0.43515625 0.016015625 0.065625
1 0.59453125 0.41171875 0.016015625 0.05546875
1 0.371484375 0.40390625 0.015234375 0.0484375
1 0.7109375 0.41484375 0.01640625 0.059375
1 0.460546875 0.390625 0.01796875 0.04921875
1 0.64609375 0.396875 0.019921875 0.065625
1 0.741796875 0.39609375 0.020703125 0.05546875
1 0.85078125 0.40546875 0.01640625 0.06328125
0 0.44296875 0.3703125 0.098046875 0.06953125