1 0.557421875 0.51796875 0.03125 0.11875
1 0.739453125 0.475 0.020703125 0.08828125
1 0.80390625 0.46640625 0.02890625 0.0828125
1 0.9 0.45546875 0.02265625 0.0765625
1 0.973046875 0.5859375 0.04296875 0.1703125
1 0.39375 0.48515625 0.028125 0.1015625
1 0.596875 0.44140625 0.03046875 0.06796875
1 0.473046875 0.4625 0.023828125 0.1109375
1 0.257421875 0.4703125 0.026171875 0.08984375
1 0.237109375 0.47109375 0.0171875 0.096875
1 0.446484375 0.47578125 0.019921875 0.09375
1 0.431640625 0.4546875 0.017578125 0.1078125
1 0.475390625 0.47109375 0.01953125 0.078125
2 0.496875 0.4890625 0.0140625 0.034375