1 0.57265625 0.621875 0.038671875 0.165625
1 0.132421875 0.5078125 0.026953125 0.1171875
1 0.547265625 0.525 0.025390625 0.11640625
1 0.263671875 0.59453125 0.03515625 0.1546875
1 0.293359375 0.45390625 0.018359375 0.0765625
1 0.517578125 0.43359375 0.020703125 0.06796875
1 0.931640625 0.59609375 0.03671875 0.16484375
1 0.668359375 0.4984375 0.018359375 0.1046875
1 0.255078125 0.44609375 0.019140625 0.06953125
1 0.41953125 0.41171875 0.018359375 0.0625
1 0.25625 0.5 0.023828125 0.0828125
1 0.178125 0.425 0.023046875 0.071875
2 0.506640625 0.45703125 0.01171875 0.025
0 0.4046875 0.38828125 0.115625 0.07265625