1 0.152734375 0.5109375 0.028125 0.11796875
1 0.265625 0.45078125 0.023046875 0.07421875
1 0.596875 0.4609375 0.01953125 0.09296875
1 0.296875 0.43515625 0.0203125 0.103125
1 0.04765625 0.41015625 0.018359375 0.05390625
1 0.365234375 0.42890625 0.021484375 0.06875
1 0.681640625 0.37890625 0.0171875 0.05390625
1 0.578125 0.396875 0.016796875 0.0640625
1 0.89765625 0.3890625 0.0171875 0.0546875
1 0.17265625 0.4421875 0.018359375 0.06953125
1 0.520703125 0.378125 0.016796875 0.06015625
1 0.2234375 0.39296875 0.0171875 0.059375
1 0.27109375 0.40234375 0.021484375 0.06484375
1 0.601171875 0.4078125 0.02578125 0.07578125
1 0.701953125 0.375 0.0140625 0.0546875
1 0.827734375 0.384375 0.016015625 0.06171875
0 0.9734375 0.384375 0.053125 0.10546875