1 0.053515625 0.5734375 0.0359375 0.13125
1 0.352734375 0.46640625 0.022265625 0.09453125
1 0.5703125 0.4078125 0.02109375 0.07421875
1 0.583203125 0.35078125 0.017578125 0.0625
1 0.041015625 0.4796875 0.0328125 0.103125
1 0.56328125 0.3515625 0.01875 0.06171875
1 0.5171875 0.3828125 0.01953125 0.06875
1 0.62421875 0.3515625 0.0171875 0.059375
1 0.653515625 0.371875 0.019140625 0.06328125
1 0.648046875 0.34453125 0.0171875 0.0640625
1 0.455859375 0.39765625 0.01875 0.07734375
1 0.553125 0.42734375 0.022265625 0.08203125
1 0.478125 0.3765625 0.01875 0.06328125
1 0.512109375 0.31484375 0.0109375 0.05078125
1 0.468359375 0.41015625 0.0171875 0.078125
1 0.734375 0.3265625 0.01171875 0.0390625
1 0.753515625 0.32421875 0.015625 0.03671875
1 0.750390625 0.3546875 0.014453125 0.04765625
1 0.979296875 0.4046875 0.023828125 0.075
0 0.509375 0.30546875 0.101171875 0.071875