1 0.531640625 0.41328125 0.01953125 0.07109375
1 0.503125 0.43203125 0.021875 0.08125
1 0.598828125 0.35625 0.016015625 0.0578125
1 0.3234375 0.47734375 0.02265625 0.0953125
1 0.6734375 0.38046875 0.016015625 0.059375
1 0.578515625 0.35546875 0.016796875 0.05625
1 0.488671875 0.3859375 0.0171875 0.0640625
1 0.6421875 0.35625 0.0171875 0.0625
1 0.6578125 0.35078125 0.017578125 0.06328125
1 0.45859375 0.4109375 0.022265625 0.07734375
1 0.50859375 0.3234375 0.012890625 0.05078125
1 0.53046875 0.3796875 0.013671875 0.0484375
1 0.469140625 0.4140625 0.018359375 0.07890625
1 0.90859375 0.40625 0.019921875 0.0703125
1 0.990234375 0.384375 0.01953125 0.0875
1 0.74296875 0.33359375 0.010546875 0.04765625
1 0.76015625 0.33359375 0.018359375 0.04453125
1 0.762109375 0.36640625 0.019921875 0.0625
0 0.50390625 0.315625 0.1015625 0.0671875