1 0.273828125 0.36875 0.015625 0.06015625
1 0.844921875 0.35703125 0.01953125 0.06484375
1 0.79375 0.33046875 0.01484375 0.0484375
1 0.58046875 0.40390625 0.0234375 0.08828125
1 0.617578125 0.35703125 0.016015625 0.0578125
1 0.43359375 0.34609375 0.013671875 0.05234375
1 0.915234375 0.34296875 0.01953125 0.0578125
1 0.4921875 0.4078125 0.026953125 0.08515625
1 0.633984375 0.32421875 0.0125 0.040625
1 0.3890625 0.3203125 0.019921875 0.0671875
1 0.446875 0.31171875 0.023828125 0.05
1 0.55703125 0.32109375 0.009765625 0.0546875
1 0.557421875 0.29453125 0.012890625 0.05625
1 0.591015625 0.3109375 0.0203125 0.04765625
1 0.66875 0.3078125 0.008984375 0.06953125
1 0.741796875 0.32265625 0.019921875 0.05234375
2 0.505859375 0.38125 0.0140625 0.021875
0 0.440625 0.2890625 0.07734375 0.05234375