1 0.108984375 0.490625 0.038671875 0.121875
1 0.970703125 0.7484375 0.058203125 0.275
1 0.55703125 0.42734375 0.019140625 0.09140625
1 0.781640625 0.34375 0.023046875 0.06328125
1 0.96953125 0.3765625 0.01875 0.05234375
1 0.244921875 0.415625 0.01953125 0.05078125
1 0.20703125 0.409375 0.01640625 0.05625
1 0.050390625 0.37890625 0.01328125 0.03984375
1 0.5796875 0.3734375 0.018359375 0.05546875
1 0.223828125 0.36171875 0.01796875 0.0609375
1 0.26484375 0.37734375 0.026953125 0.059375
1 0.3078125 0.38046875 0.016796875 0.07109375
1 0.3234375 0.40234375 0.01953125 0.08671875
1 0.33984375 0.39921875 0.0234375 0.090625
1 0.50625 0.3484375 0.01484375 0.04921875
1 0.569921875 0.36953125 0.0125 0.059375
1 0.64140625 0.346875 0.012109375 0.0453125
1 0.6546875 0.34609375 0.01015625 0.06328125
1 0.821484375 0.34609375 0.009765625 0.053125
1 0.961328125 0.353125 0.013671875 0.04921875
0 0.93984375 0.34453125 0.1203125 0.0796875