1 0.528125 0.45 0.03984375 0.12421875
1 0.43671875 0.4359375 0.024609375 0.090625
1 0.79296875 0.5421875 0.044140625 0.13359375
1 0.610546875 0.5046875 0.041015625 0.10703125
1 0.321875 0.4625 0.03203125 0.1046875
1 0.650390625 0.421875 0.03046875 0.06953125
1 0.73828125 0.46640625 0.025 0.10234375
1 0.39765625 0.47734375 0.02734375 0.10703125
1 0.916796875 0.43828125 0.023046875 0.08671875
1 0.83828125 0.453125 0.028125 0.078125
1 0.213671875 0.45546875 0.025 0.0921875
1 0.191796875 0.4359375 0.02265625 0.09140625
1 0.23203125 0.4625 0.021875 0.11484375
1 0.52421875 0.403125 0.0328125 0.06015625
2 0.630859375 0.53984375 0.01640625 0.03125