1 0.573046875 0.553125 0.025390625 0.125
1 0.1609375 0.634375 0.05546875 0.17734375
1 0.08671875 0.53125 0.035546875 0.1203125
1 0.209375 0.4625 0.0203125 0.07578125
1 0.683984375 0.53125 0.033203125 0.1171875
1 0.27421875 0.47109375 0.0203125 0.0765625
1 0.5234375 0.67265625 0.04140625 0.20234375
1 0.233984375 0.53203125 0.032421875 0.10546875
1 0.519140625 0.4515625 0.0234375 0.0765625
1 0.18125 0.43984375 0.016015625 0.0640625
1 0.423046875 0.4265625 0.01953125 0.084375
0 0.40859375 0.4015625 0.1234375 0.08515625