1 0.388671875 0.46171875 0.034765625 0.1078125
1 0.964453125 0.45234375 0.03359375 0.10078125
1 0.52734375 0.44140625 0.033203125 0.096875
1 0.677734375 0.4640625 0.03359375 0.0984375
1 0.839453125 0.425 0.0328125 0.08515625
1 0.140234375 0.43828125 0.02265625 0.08203125
1 0.17421875 0.45078125 0.020703125 0.0890625
1 0.244921875 0.44375 0.028125 0.09140625
1 0.627734375 0.4078125 0.023046875 0.059375
1 0.101171875 0.421875 0.020703125 0.0765625
1 0.77890625 0.44453125 0.0234375 0.08046875
1 0.991796875 0.365625 0.016015625 0.05
1 0.387109375 0.41328125 0.0265625 0.08828125
1 0.57578125 0.50234375 0.023828125 0.10390625
1 0.608984375 0.50078125 0.03984375 0.1203125
2 0.566015625 0.5265625 0.01171875 0.02890625