1 0.231640625 0.36015625 0.01796875 0.0703125
1 0.974609375 0.43125 0.034765625 0.1109375
1 0.469140625 0.39375 0.026171875 0.09375
1 0.7671875 0.34140625 0.0171875 0.06484375
1 0.609375 0.35 0.01640625 0.06171875
1 0.93046875 0.41875 0.02578125 0.1109375
1 0.567578125 0.35546875 0.015625 0.0703125
1 0.44375 0.40390625 0.02578125 0.07421875
1 0.396484375 0.33125 0.01484375 0.05859375
1 0.61875 0.3 0.01796875 0.05859375
1 0.839453125 0.3265625 0.0140625 0.0515625
1 0.721875 0.315625 0.0125 0.0453125
1 0.84453125 0.3265625 0.015234375 0.0546875
1 0.946875 0.321875 0.021484375 0.06796875
1 0.35625 0.3046875 0.0125 0.05390625
1 0.39765625 0.290625 0.01640625 0.05078125
1 0.52265625 0.31171875 0.012109375 0.053125
1 0.522265625 0.2890625 0.011328125 0.0375
1 0.540234375 0.29453125 0.01171875 0.0484375
1 0.568359375 0.31015625 0.021875 0.06796875
1 0.682421875 0.303125 0.0125 0.04609375
2 0.463671875 0.396875 0.010546875 0.02421875
0 0.402734375 0.27265625 0.076171875 0.053125