1 0.071484375 0.6515625 0.055859375 0.175
1 0.45078125 0.69609375 0.03671875 0.2140625
1 0.666796875 0.53671875 0.0265625 0.12578125
1 0.060546875 0.528125 0.03515625 0.1171875
1 0.582421875 0.553125 0.026171875 0.1234375
1 0.26484375 0.515625 0.025 0.0953125
1 0.505078125 0.4515625 0.01875 0.0703125
1 0.1828125 0.4640625 0.020703125 0.07890625
1 0.433984375 0.42578125 0.019921875 0.0796875
1 0.215625 0.44453125 0.019140625 0.06015625
1 0.26640625 0.46484375 0.024609375 0.08125
0 0.420703125 0.403125 0.12109375 0.07734375