1 0.092578125 0.390625 0.02265625 0.07578125
1 0.7953125 0.428125 0.04765625 0.10859375
1 0.82109375 0.4390625 0.041015625 0.1140625
1 0.477734375 0.36484375 0.021484375 0.06953125
1 0.66328125 0.34140625 0.021484375 0.0625
1 0.558203125 0.36796875 0.025390625 0.071875
1 0.3640625 0.4328125 0.03046875 0.084375
1 0.284375 0.34140625 0.01640625 0.059375
1 0.453125 0.31484375 0.01328125 0.0453125
1 0.2484375 0.315625 0.012890625 0.0421875
1 0.7234375 0.31953125 0.01328125 0.04609375
1 0.882421875 0.31953125 0.018359375 0.04375
1 0.6171875 0.3140625 0.01328125 0.04296875
1 0.376953125 0.4015625 0.014453125 0.040625
1 0.8078125 0.31171875 0.01640625 0.06328125
1 0.52734375 0.29609375 0.018359375 0.05546875
1 0.58515625 0.30546875 0.016796875 0.06953125
1 0.43828125 0.3140625 0.0140625 0.05390625
1 0.43515625 0.28671875 0.013671875 0.05546875
2 0.366015625 0.4609375 0.015234375 0.0296875
0 0.294140625 0.2734375 0.0859375 0.05078125