1 0.653125 0.54375 0.028515625 0.125
1 0.052734375 0.52734375 0.0265625 0.11953125
1 0.3875 0.709375 0.055078125 0.23046875
1 0.28828125 0.51171875 0.028125 0.0984375
1 0.03125 0.428125 0.02109375 0.071875
1 0.1828125 0.4640625 0.01875 0.07578125
1 0.523046875 0.4515625 0.019921875 0.06875
1 0.594921875 0.546875 0.02578125 0.11953125
1 0.26171875 0.4671875 0.021875 0.0859375
1 0.45390625 0.43046875 0.020703125 0.08203125
1 0.265234375 0.4390625 0.0265625 0.05546875
2 0.473828125 0.4640625 0.0125 0.02421875
0 0.444140625 0.40546875 0.128125 0.0890625