1 0.70859375 0.53125 0.043359375 0.1421875
1 0.4796875 0.3984375 0.018359375 0.08515625
1 0.021875 0.484375 0.03515625 0.1171875
1 0.856640625 0.41015625 0.01796875 0.0828125
1 0.7640625 0.4578125 0.03046875 0.11171875
1 0.518359375 0.57421875 0.039453125 0.17265625
1 0.15546875 0.40390625 0.02109375 0.084375
1 0.31875 0.365625 0.0171875 0.05859375
1 0.76171875 0.39140625 0.016796875 0.05
1 0.53671875 0.33671875 0.02109375 0.053125
1 0.246484375 0.40234375 0.028125 0.071875
1 0.159765625 0.33125 0.01796875 0.05625
1 0.196484375 0.34453125 0.0234375 0.06484375
1 0.244140625 0.35078125 0.0296875 0.0765625
1 0.29453125 0.346875 0.019140625 0.08671875
1 0.451171875 0.3125 0.014453125 0.0515625
1 0.566015625 0.31484375 0.01484375 0.0515625
1 0.6953125 0.3125 0.012890625 0.05546875
1 0.71171875 0.32265625 0.01171875 0.0484375
1 0.84609375 0.33828125 0.019921875 0.0609375
1 0.8046875 0.32265625 0.020703125 0.04765625
0 0.808984375 0.309375 0.09921875 0.07109375