1 0.444140625 0.3890625 0.021875 0.090625
1 0.815234375 0.46484375 0.0515625 0.1359375
1 0.32578125 0.4984375 0.037109375 0.1296875
1 0.56015625 0.378125 0.02734375 0.075
1 0.159375 0.3546875 0.018359375 0.0703125
1 0.39453125 0.4734375 0.042578125 0.1484375
1 0.94140625 0.40234375 0.03046875 0.09375
1 0.6109375 0.35546875 0.01875 0.06484375
1 0.36484375 0.32578125 0.01640625 0.05390625
1 0.627734375 0.315625 0.013671875 0.05234375
1 0.35390625 0.32578125 0.016796875 0.0546875
1 0.53515625 0.3140625 0.015234375 0.05078125
1 0.126171875 0.33203125 0.015234375 0.05234375
1 0.16015625 0.3015625 0.020703125 0.05078125
1 0.332421875 0.3 0.015234375 0.05234375
1 0.3421875 0.28828125 0.015625 0.05
1 0.43984375 0.29296875 0.01328125 0.05234375
1 0.497265625 0.303125 0.015234375 0.05
1 0.7234375 0.309375 0.015234375 0.059375
1 0.794921875 0.31953125 0.0234375 0.06484375
2 0.529296875 0.5125 0.019140625 0.040625
0 0.16796875 0.2828125 0.1046875 0.06171875