1 0.391015625 0.56484375 0.06171875 0.1890625
1 0.63671875 0.51796875 0.03203125 0.1484375
1 0.791796875 0.4015625 0.019921875 0.08203125
1 0.10703125 0.51640625 0.044140625 0.14609375
1 0.32109375 0.36875 0.01640625 0.06640625
1 0.266015625 0.421875 0.024609375 0.09453125
1 0.0703125 0.69453125 0.06328125 0.1875
1 0.70234375 0.40546875 0.019140625 0.08046875
1 0.534375 0.3484375 0.014453125 0.05546875
1 0.669140625 0.4453125 0.03359375 0.1140625
1 0.462109375 0.428125 0.023828125 0.09765625
1 0.7078125 0.3265625 0.01796875 0.059375
1 0.293359375 0.359375 0.017578125 0.0640625
1 0.778125 0.325 0.01796875 0.05546875
1 0.833984375 0.346875 0.01796875 0.05703125
1 0.104296875 0.421875 0.026953125 0.0953125
1 0.28828125 0.36328125 0.016796875 0.0625
1 0.427734375 0.31953125 0.0140625 0.04375
1 0.502734375 0.32421875 0.019921875 0.05234375
1 0.55390625 0.34921875 0.0140625 0.05703125
1 0.5453125 0.31484375 0.0109375 0.04140625
1 0.67578125 0.31875 0.01171875 0.04921875
1 0.122265625 0.33828125 0.013671875 0.0546875
1 0.151953125 0.3578125 0.016015625 0.075
1 0.183984375 0.37578125 0.026171875 0.0890625
0 0.798828125 0.31171875 0.1015625 0.06484375