1 0.515234375 0.4859375 0.0328125 0.11796875
1 0.391796875 0.484375 0.044140625 0.09765625
1 0.073828125 0.465625 0.0375 0.11484375
1 0.47109375 0.45625 0.024609375 0.09921875
1 0.015625 0.490625 0.0296875 0.1265625
1 0.334375 0.4328125 0.028515625 0.0921875
1 0.770703125 0.4578125 0.037109375 0.0984375
1 0.5484375 0.45234375 0.025 0.0921875
1 0.723828125 0.43359375 0.025390625 0.0796875
1 0.25859375 0.47421875 0.03359375 0.103125
1 0.6078125 0.45078125 0.026953125 0.07421875
1 0.61015625 0.4015625 0.0171875 0.05234375
1 0.653125 0.425 0.02421875 0.07421875
2 0.651171875 0.45390625 0.01171875 0.02265625