1 0.05078125 0.51640625 0.025390625 0.115625
1 0.644921875 0.53984375 0.026953125 0.12265625
1 0.334375 0.71015625 0.07109375 0.23046875
1 0.18125 0.4609375 0.017578125 0.07578125
1 0.579296875 0.5390625 0.026171875 0.11796875
1 0.06015625 0.425 0.022265625 0.071875
1 0.558203125 0.4546875 0.019140625 0.075
1 0.271875 0.5140625 0.02578125 0.09375
1 0.313671875 0.4390625 0.020703125 0.05703125
1 0.465625 0.434375 0.016015625 0.0546875
1 0.26484375 0.46640625 0.02734375 0.08125
2 0.464453125 0.46015625 0.01015625 0.0203125
0 0.45234375 0.4046875 0.127734375 0.09375