1 0.3125 0.678125 0.057421875 0.2109375
1 0.08203125 0.50703125 0.025 0.1078125
1 0.648828125 0.52421875 0.02734375 0.1125
1 0.258203125 0.51328125 0.024609375 0.09921875
1 0.554296875 0.51953125 0.023046875 0.10703125
1 0.316015625 0.45859375 0.025390625 0.0703125
1 0.09375 0.42265625 0.020703125 0.065625
1 0.190234375 0.45390625 0.017578125 0.06875
1 0.562109375 0.4484375 0.02109375 0.0640625
1 0.353515625 0.42890625 0.021875 0.0765625
1 0.47578125 0.434375 0.02421875 0.0765625
2 0.5078125 0.46796875 0.01171875 0.02109375
0 0.449609375 0.39921875 0.128125 0.08046875