1 0.255078125 0.4578125 0.03046875 0.090625
1 0.423046875 0.5234375 0.035546875 0.11484375
1 0.6921875 0.4796875 0.024609375 0.0890625
1 0.171875 0.4875 0.02578125 0.10078125
1 0.02890625 0.78359375 0.0578125 0.275
1 0.46171875 0.47265625 0.026171875 0.0859375
1 0.59609375 0.44453125 0.022265625 0.0625
1 0.501953125 0.4734375 0.0234375 0.07421875
1 0.346484375 0.4765625 0.0234375 0.10703125
1 0.353125 0.51171875 0.04296875 0.134375
1 0.63203125 0.46015625 0.020703125 0.0796875
1 0.619140625 0.45546875 0.019140625 0.08203125