1 0.234765625 0.5046875 0.0265625 0.10234375
1 0.16875 0.4859375 0.02265625 0.0890625
1 0.10390625 0.50703125 0.03203125 0.1015625
1 0.10078125 0.775 0.04765625 0.2625
1 0.67421875 0.48984375 0.03125 0.0875
1 0.332421875 0.55 0.04140625 0.125
1 0.4171875 0.4921875 0.028125 0.08671875
1 0.45390625 0.484375 0.02109375 0.07734375
1 0.894921875 0.4703125 0.02734375 0.065625
1 0.6015625 0.48203125 0.0234375 0.071875
1 0.343359375 0.528125 0.0234375 0.11953125
1 0.615625 0.4671875 0.0171875 0.08515625
1 0.640625 0.46875 0.030859375 0.08828125
2 0.68046875 0.50234375 0.006640625 0.01171875
0 0.940625 0.44609375 0.11875 0.121875