1 0.8046875 0.41015625 0.019921875 0.07265625
1 0.731640625 0.41015625 0.019140625 0.07578125
1 0.5078125 0.6203125 0.064453125 0.19609375
1 0.698046875 0.39453125 0.018359375 0.07265625
1 0.577734375 0.53125 0.051171875 0.159375
1 0.7703125 0.4 0.01875 0.07734375
1 0.298828125 0.57734375 0.0421875 0.18203125
1 0.595703125 0.440625 0.022265625 0.09140625
1 0.223828125 0.43046875 0.02421875 0.09140625
1 0.46171875 0.41015625 0.023046875 0.09375
1 0.987109375 0.39296875 0.01953125 0.06796875
1 0.61953125 0.3515625 0.01796875 0.05859375
1 0.549609375 0.3515625 0.01796875 0.06171875
1 0.209765625 0.371875 0.021875 0.07734375
1 0.174609375 0.4125 0.022265625 0.0828125
1 0.873046875 0.359375 0.016015625 0.05859375
1 0.488671875 0.34296875 0.017578125 0.0546875
1 0.76953125 0.35234375 0.016015625 0.05625
1 0.888671875 0.3515625 0.014453125 0.0578125
1 0.459375 0.3828125 0.014453125 0.05390625
1 0.2078125 0.38125 0.016015625 0.059375
1 0.44453125 0.6359375 0.0390625 0.21640625
1 0.5546875 0.5125 0.0265625 0.1359375
0 0.947265625 0.34453125 0.105078125 0.0921875