1 0.742578125 0.5265625 0.023046875 0.08515625
1 0.408203125 0.53359375 0.026953125 0.08046875
1 0.509375 0.475 0.016796875 0.078125
1 0.021875 0.95234375 0.04375 0.0953125
1 0.73828125 0.46171875 0.0171875 0.06015625
1 0.551171875 0.4515625 0.0171875 0.059375
1 0.787890625 0.42109375 0.015625 0.0546875
1 0.18828125 0.53203125 0.02578125 0.10234375
1 0.71953125 0.43359375 0.01640625 0.06953125
1 0.4171875 0.478125 0.0203125 0.08828125
1 0.463671875 0.4046875 0.0140625 0.0625
1 0.778125 0.48046875 0.022265625 0.0796875
1 0.75859375 0.44609375 0.016796875 0.078125
1 0.805859375 0.41640625 0.016015625 0.0625
1 0.649609375 0.43203125 0.01328125 0.0734375
1 0.66328125 0.43515625 0.01640625 0.07265625
1 0.67734375 0.4359375 0.008984375 0.0703125
1 0.68359375 0.43203125 0.014453125 0.07890625
1 0.707421875 0.434375 0.010546875 0.07109375
1 0.7140625 0.428125 0.010546875 0.07109375
0 0.46328125 0.3875 0.13203125 0.08828125