1 0.04921875 0.440625 0.023046875 0.08203125
1 0.43671875 0.5203125 0.025 0.13125
1 0.07109375 0.41875 0.01484375 0.0625
1 0.56875 0.4453125 0.0203125 0.08046875
1 0.26328125 0.45 0.023828125 0.09375
1 0.70078125 0.46328125 0.02421875 0.09609375
1 0.323046875 0.45625 0.033203125 0.08125
1 0.125390625 0.5390625 0.05390625 0.1375
1 0.446875 0.40859375 0.0140625 0.05625
1 0.948828125 0.5515625 0.04375 0.14609375
1 0.276171875 0.39765625 0.01640625 0.05546875
1 0.383203125 0.3828125 0.016796875 0.05859375
1 0.191015625 0.365625 0.015234375 0.0421875
1 0.466015625 0.37578125 0.01953125 0.059375
1 0.566796875 0.403125 0.01875 0.06484375
2 0.556640625 0.43203125 0.0078125 0.01640625
0 0.453125 0.35390625 0.10234375 0.07109375