1 0.41796875 0.52578125 0.0265625 0.07265625
1 0.576953125 0.44140625 0.0171875 0.059375
1 0.8296875 0.52109375 0.020703125 0.08671875
1 0.422265625 0.4625 0.01796875 0.0734375
1 0.76171875 0.434375 0.01953125 0.0625
1 0.78125 0.4125 0.017578125 0.05703125
1 0.726953125 0.45703125 0.019140625 0.0625
1 0.6828125 0.421875 0.016796875 0.06640625
1 0.663671875 0.43046875 0.015625 0.06015625
1 0.465234375 0.46171875 0.01875 0.078125
1 0.4 0.4578125 0.01875 0.07421875
1 0.033203125 0.9375 0.0640625 0.11875
0 0.46953125 0.3828125 0.13125 0.07890625