1 0.219921875 0.38671875 0.019140625 0.06796875
1 0.522265625 0.4375 0.02890625 0.08671875
1 0.390625 0.4453125 0.0421875 0.0984375
1 0.194140625 0.37265625 0.013671875 0.05703125
1 0.530859375 0.365625 0.015625 0.059375
1 0.440234375 0.34296875 0.01796875 0.0625
1 0.601171875 0.3890625 0.01796875 0.07578125
1 0.758984375 0.42109375 0.02109375 0.09609375
1 0.359375 0.34921875 0.014453125 0.05078125
1 0.450390625 0.38671875 0.01796875 0.0703125
1 0.0078125 0.35078125 0.015625 0.05390625
1 0.42578125 0.3921875 0.01796875 0.07421875
1 0.60234375 0.35703125 0.016796875 0.06640625
0 0.510546875 0.31015625 0.085546875 0.0578125