1 0.677734375 0.66640625 0.05390625 0.2421875
1 0.44609375 0.3890625 0.020703125 0.06953125
1 0.8453125 0.46796875 0.04140625 0.14765625
1 0.51484375 0.38203125 0.027734375 0.08203125
1 0.973046875 0.34375 0.019140625 0.0640625
1 0.381640625 0.35078125 0.019921875 0.05859375
1 0.465234375 0.38671875 0.019140625 0.084375
1 0.578515625 0.34140625 0.016015625 0.06171875
1 0.8578125 0.36796875 0.02109375 0.0796875
1 0.434765625 0.2953125 0.0171875 0.0484375
1 0.76328125 0.33671875 0.016015625 0.0640625
1 0.625390625 0.3359375 0.018359375 0.0546875
1 0.36484375 0.9796875 0.034375 0.040625
1 0.423828125 0.34296875 0.02109375 0.065625
1 0.7125 0.32421875 0.014453125 0.03984375
1 0.56484375 0.315625 0.015625 0.0515625
1 0.608984375 0.28828125 0.01171875 0.04296875
1 0.67734375 0.303125 0.012890625 0.04375
0 0.428515625 0.2734375 0.077734375 0.046875