1 0.801171875 0.70703125 0.06953125 0.2515625
1 0.6265625 0.43203125 0.0265625 0.10078125
1 0.7953125 0.40390625 0.017578125 0.071875
1 0.974609375 0.42421875 0.0234375 0.09375
1 0.426171875 0.546875 0.032421875 0.1640625
1 0.0734375 0.421875 0.025 0.08828125
1 0.1296875 0.39609375 0.018359375 0.06875
1 0.586328125 0.49140625 0.0265625 0.11875
1 0.971484375 0.35859375 0.01953125 0.06796875
1 0.85 0.4125 0.021875 0.08203125
1 0.60546875 0.584375 0.0390625 0.18125
1 0.65078125 0.578125 0.033984375 0.17578125
1 0.678125 0.34921875 0.01796875 0.0609375
1 0.994921875 0.365625 0.009765625 0.07578125
1 0.347265625 0.4046875 0.01875 0.07421875
1 0.873046875 0.4015625 0.01796875 0.0765625
1 0.57890625 0.39453125 0.0171875 0.0734375
1 0.097265625 0.39140625 0.01875 0.06875
1 0.10859375 0.40859375 0.02265625 0.0640625
1 0.315234375 0.35 0.01796875 0.0546875
1 0.56171875 0.3453125 0.015234375 0.05078125
1 0.601171875 0.3484375 0.019921875 0.06796875
1 0.219140625 0.40078125 0.017578125 0.08203125
1 0.299609375 0.37734375 0.022265625 0.065625
1 0.86015625 0.346875 0.01640625 0.053125
1 0.619921875 0.4140625 0.020703125 0.0984375
2 0.430078125 0.39609375 0.01171875 0.01875