1 0.102734375 0.590625 0.034375 0.1328125
1 0.2890625 0.48828125 0.023828125 0.06796875
1 0.393359375 0.49375 0.02890625 0.07265625
1 0.594140625 0.490625 0.019921875 0.08203125
1 0.14921875 0.52421875 0.023828125 0.096875
1 0.72421875 0.53125 0.02421875 0.103125
1 0.508984375 0.48515625 0.01953125 0.05703125
1 0.19921875 0.5046875 0.02421875 0.07421875
1 0.69609375 0.55703125 0.021484375 0.09921875
1 0.634765625 0.49609375 0.024609375 0.06640625
1 0.53828125 0.47734375 0.019921875 0.05859375
0 0.61484375 0.46015625 0.160546875 0.11015625