1 0.9609375 0.68359375 0.07265625 0.25859375
1 0.437109375 0.40390625 0.023828125 0.08984375
1 0.86640625 0.4796875 0.032421875 0.14453125
1 0.59296875 0.64296875 0.04765625 0.23203125
1 0.762890625 0.35390625 0.018359375 0.06171875
1 0.836328125 0.390625 0.021484375 0.09453125
1 0.372265625 0.359375 0.01640625 0.05703125
1 0.607421875 0.35234375 0.016796875 0.06171875
1 0.470703125 0.3859375 0.018359375 0.0828125
1 0.70078125 0.33984375 0.015625 0.0546875
1 0.328515625 0.36484375 0.019140625 0.05546875
1 0.54921875 0.3265625 0.015234375 0.05703125
1 0.587890625 0.35234375 0.021484375 0.075
1 0.63125 0.30625 0.012109375 0.04921875
1 0.691796875 0.315625 0.0125 0.05390625
1 0.443359375 0.3078125 0.018359375 0.0453125
1 0.43125 0.396875 0.00859375 0.08984375
2 0.309765625 0.375 0.013671875 0.02734375
0 0.44296875 0.290625 0.081640625 0.05859375