1 0.0234375 0.5046875 0.040625 0.13359375
1 0.47890625 0.534375 0.040625 0.1578125
1 0.584375 0.46796875 0.03203125 0.11484375
1 0.928515625 0.41953125 0.02265625 0.08515625
1 0.234765625 0.390625 0.01953125 0.07109375
1 0.693359375 0.44375 0.028125 0.1015625
1 0.811328125 0.39765625 0.0171875 0.0703125
1 0.725 0.60703125 0.046484375 0.19140625
1 0.190234375 0.38203125 0.015234375 0.0578125
1 0.897265625 0.39296875 0.0171875 0.07578125
1 0.14765625 0.40390625 0.02265625 0.1
1 0.6359375 0.41484375 0.023046875 0.0796875
1 0.1953125 0.37890625 0.01484375 0.059375
1 0.676171875 0.565625 0.03984375 0.1609375
1 0.69765625 0.3421875 0.019140625 0.06328125
1 0.35234375 0.34453125 0.016015625 0.04921875
1 0.5828125 0.33984375 0.0171875 0.05390625
1 0.12578125 0.4109375 0.019140625 0.0828125
1 0.40078125 0.396875 0.0171875 0.0796875
1 0.9015625 0.35 0.018359375 0.0515625
1 0.14140625 0.37734375 0.0203125 0.06484375
1 0.323828125 0.37265625 0.024609375 0.07109375
1 0.608203125 0.34609375 0.016015625 0.05546875
1 0.63046875 0.3828125 0.0171875 0.06171875
1 0.98984375 0.35390625 0.01484375 0.0671875
1 0.9765625 0.76484375 0.046875 0.31015625