1 0.540234375 0.46796875 0.01796875 0.06640625
1 0.593359375 0.48671875 0.018359375 0.07734375
1 0.64765625 0.49609375 0.021875 0.07578125
1 0.505859375 0.48046875 0.01640625 0.05546875
1 0.162890625 0.49609375 0.0234375 0.08828125
1 0.19296875 0.52734375 0.021484375 0.10703125
1 0.12421875 0.5984375 0.03203125 0.14609375
1 0.259375 0.4890625 0.022265625 0.0640625
1 0.47890625 0.490625 0.026171875 0.07265625
1 0.6953125 0.54296875 0.028125 0.10546875
1 0.7015625 0.51875 0.0234375 0.109375
1 0.1015625 0.634375 0.040234375 0.1703125
0 0.6078125 0.4578125 0.159375 0.11328125