1 0.573046875 0.69375 0.046484375 0.2296875
1 0.655859375 0.39765625 0.019921875 0.06875
1 0.514453125 0.42421875 0.01875 0.08125
1 0.59609375 0.38984375 0.017578125 0.06015625
1 0.918359375 0.446875 0.02734375 0.10703125
1 0.440625 0.44765625 0.021484375 0.09921875
1 0.815234375 0.3953125 0.01796875 0.059375
1 0.3484375 0.38828125 0.0171875 0.0578125
1 0.29375 0.39296875 0.015625 0.06171875
1 0.5703125 0.3703125 0.015234375 0.05625
1 0.947265625 0.75546875 0.094921875 0.3
1 0.753515625 0.39140625 0.01484375 0.0578125
1 0.7703125 0.36484375 0.016015625 0.05078125
1 0.4671875 0.34609375 0.019921875 0.0546875
1 0.698046875 0.35390625 0.0171875 0.05546875
2 0.28671875 0.40703125 0.0109375 0.025
0 0.48984375 0.32890625 0.08828125 0.07265625