1 0.15 0.60859375 0.03515625 0.14609375
1 0.671875 0.53203125 0.031640625 0.10703125
1 0.575 0.484375 0.024609375 0.08046875
1 0.616015625 0.49765625 0.023828125 0.08125
1 0.123046875 0.49609375 0.0234375 0.0890625
1 0.212890625 0.61875 0.0359375 0.13203125
1 0.546484375 0.4984375 0.021484375 0.075
1 0.5015625 0.46875 0.01875 0.06796875
1 0.235546875 0.52421875 0.023046875 0.11015625
1 0.517578125 0.471875 0.02109375 0.06640625
1 0.23671875 0.46875 0.022265625 0.07734375
1 0.676171875 0.51640625 0.019921875 0.10859375
0 0.6046875 0.45234375 0.15546875 0.10234375