1 0.78203125 0.5640625 0.0421875 0.16796875
1 0.83984375 0.6734375 0.07109375 0.2234375
1 0.591796875 0.45625 0.029296875 0.103125
1 0.506640625 0.53984375 0.035546875 0.1515625
1 0.0671875 0.49765625 0.0265625 0.13203125
1 0.764453125 0.45390625 0.028515625 0.1078125
1 0.93515625 0.39296875 0.018359375 0.07265625
1 0.66328125 0.4 0.019140625 0.075
1 0.4421875 0.38671875 0.015234375 0.06796875
1 0.82578125 0.390625 0.017578125 0.0703125
1 0.1734375 0.43359375 0.0265625 0.09375
1 0.6796875 0.390625 0.018359375 0.075
1 0.9515625 0.353125 0.01796875 0.05703125
1 0.609375 0.33984375 0.016796875 0.059375
1 0.2484375 0.3828125 0.01953125 0.06875
1 0.173828125 0.378125 0.016015625 0.06484375
1 0.161328125 0.39296875 0.015234375 0.0625
1 0.391796875 0.3421875 0.01484375 0.0484375
1 0.34375 0.36640625 0.01640625 0.065625
1 0.710546875 0.3375 0.01875 0.04609375
1 0.622265625 0.346875 0.015234375 0.05625
1 0.241796875 0.3671875 0.014453125 0.06875