1 0.60703125 0.3609375 0.01953125 0.0671875
1 0.943359375 0.371875 0.0296875 0.0765625
1 0.8984375 0.51171875 0.04375 0.1453125
1 0.766796875 0.35390625 0.01796875 0.06484375
1 0.73125 0.37890625 0.02734375 0.07734375
1 0.41875 0.4265625 0.0375 0.1015625
1 0.3421875 0.40078125 0.035546875 0.08828125
1 0.6640625 0.38671875 0.020703125 0.07734375
1 0.674609375 0.4578125 0.033984375 0.11015625
1 0.900390625 0.32421875 0.01328125 0.05
1 0.765234375 0.2953125 0.013671875 0.04375
2 0.637890625 0.41953125 0.01328125 0.02109375