1 0.80234375 0.42578125 0.033984375 0.109375
1 0.9734375 0.340625 0.0203125 0.06484375
1 0.848828125 0.39609375 0.02890625 0.090625
1 0.9765625 0.54609375 0.046875 0.17578125
1 0.461328125 0.42421875 0.0234375 0.09609375
1 0.76484375 0.3984375 0.025390625 0.0796875
1 0.675390625 0.44140625 0.045703125 0.11796875
1 0.791015625 0.29921875 0.01875 0.05859375
1 0.5328125 0.3328125 0.014453125 0.05625
1 0.40625 0.38984375 0.023828125 0.09296875
1 0.845703125 0.31171875 0.019921875 0.06796875
1 0.990625 0.37421875 0.018359375 0.075
1 0.5921875 0.29609375 0.015625 0.0453125
1 0.830859375 0.7859375 0.08125 0.27421875
1 0.55546875 0.30234375 0.022265625 0.053125
1 0.207421875 0.30703125 0.019140625 0.059375
0 0.039453125 0.28828125 0.078515625 0.06484375