1 0.425 0.53203125 0.023046875 0.11796875
1 0.972265625 0.4703125 0.01953125 0.07734375
1 0.705078125 0.50078125 0.023046875 0.0921875
1 0.588671875 0.765625 0.048046875 0.26796875
1 0.5203125 0.51171875 0.021875 0.1109375
1 0.742578125 0.4734375 0.0203125 0.0921875
1 0.97578125 0.796875 0.0484375 0.303125
1 0.290234375 0.45234375 0.01640625 0.05625
1 0.947265625 0.4765625 0.01875 0.06796875
1 0.695703125 0.4453125 0.019921875 0.07578125
1 0.316796875 0.4515625 0.0171875 0.05625
1 0.61640625 0.41875 0.016015625 0.0625
1 0.740625 0.45078125 0.018359375 0.05703125
1 0.928125 0.4421875 0.020703125 0.0734375
2 0.296484375 0.47421875 0.009765625 0.01953125
0 0.658984375 0.4015625 0.126171875 0.0765625