1 0.778125 0.57734375 0.061328125 0.16875
1 0.8375 0.475 0.030859375 0.11640625
1 0.53828125 0.55546875 0.0359375 0.16875
1 0.95390625 0.38984375 0.021875 0.07109375
1 0.833984375 0.38984375 0.01796875 0.06875
1 0.684375 0.396875 0.019140625 0.07421875
1 0.5953125 0.44453125 0.025 0.09921875
1 0.1078125 0.4875 0.03046875 0.12578125
1 0.2609375 0.3765625 0.018359375 0.06484375
1 0.455859375 0.38984375 0.0171875 0.08046875
1 0.7171875 0.39140625 0.018359375 0.071875
1 0.622265625 0.3484375 0.01953125 0.0640625
1 0.3453125 0.36875 0.013671875 0.053125
1 0.183203125 0.45234375 0.028125 0.109375
1 0.993359375 0.35234375 0.012890625 0.05625
1 0.205078125 0.37890625 0.01953125 0.06640625
1 0.4234375 0.3390625 0.015625 0.04921875
1 0.271875 0.35546875 0.01875 0.0671875
1 0.173046875 0.39765625 0.02734375 0.08046875
1 0.722265625 0.33828125 0.017578125 0.046875
1 0.97109375 0.77265625 0.0578125 0.2765625
1 0.628125 0.33125 0.014453125 0.04375
2 0.37109375 0.3828125 0.011328125 0.02109375