1 0.484375 0.59609375 0.05859375 0.19140625
1 0.6703125 0.33359375 0.0171875 0.0609375
1 0.510546875 0.3953125 0.026953125 0.071875
1 0.926171875 0.43671875 0.03671875 0.12109375
1 0.694921875 0.4171875 0.037890625 0.09921875
1 0.793359375 0.3015625 0.020703125 0.06015625
1 0.453125 0.37109375 0.0203125 0.06875
1 0.88046875 0.41953125 0.02734375 0.10078125
1 0.986328125 0.5546875 0.026953125 0.17421875
1 0.42265625 0.29765625 0.0171875 0.0421875
1 0.7171875 0.31015625 0.02265625 0.04609375
1 0.98359375 0.4078125 0.032421875 0.12109375
2 0.41171875 0.42734375 0.012890625 0.028125
0 0.31796875 0.278125 0.079296875 0.05234375