1 0.896875 0.53515625 0.037890625 0.121875
1 0.039453125 0.81015625 0.05546875 0.2734375
1 0.451171875 0.4546875 0.025390625 0.0828125
1 0.182421875 0.39765625 0.016015625 0.0546875
1 0.347265625 0.51640625 0.034765625 0.12578125
1 0.626171875 0.4421875 0.031640625 0.0640625
1 0.80703125 0.4375 0.017578125 0.07421875
1 0.4796875 0.41796875 0.01953125 0.05625
1 0.976171875 0.63359375 0.047265625 0.16484375
1 0.703515625 0.4359375 0.0234375 0.06328125
1 0.417578125 0.42578125 0.0234375 0.0703125
1 0.54609375 0.396875 0.0171875 0.046875
1 0.910546875 0.38984375 0.0203125 0.05390625
1 0.01015625 0.4015625 0.0203125 0.05546875
1 0.4921875 0.38984375 0.01640625 0.05
1 0.326953125 0.4875 0.023828125 0.1015625
1 0.65625 0.45546875 0.028515625 0.07578125
1 0.393359375 0.38046875 0.019140625 0.04375
2 0.6609375 0.4875 0.0140625 0.02265625
0 0.949609375 0.38046875 0.100390625 0.090625