1 0.910546875 0.7796875 0.059765625 0.275
1 0.56171875 0.75234375 0.051953125 0.24375
1 0.3765625 0.51796875 0.02421875 0.103125
1 0.52109375 0.5125 0.020703125 0.109375
1 0.759375 0.5 0.02265625 0.10078125
1 0.27109375 0.45234375 0.025 0.06171875
1 0.96796875 0.4625 0.0203125 0.07890625
1 0.73515625 0.47109375 0.0203125 0.08984375
1 0.95390625 0.47265625 0.023046875 0.07421875
1 0.715625 0.4453125 0.01640625 0.0828125
1 0.290625 0.45 0.023046875 0.06640625
1 0.659375 0.4296875 0.019140625 0.05859375
2 0.286328125 0.4765625 0.0125 0.0203125
0 0.702734375 0.40859375 0.13671875 0.08359375