1 0.698828125 0.575 0.058984375 0.175
1 0.5734375 0.57109375 0.041796875 0.18515625
1 0.975390625 0.38828125 0.025 0.06953125
1 0.933203125 0.5 0.038671875 0.1375
1 0.844140625 0.39453125 0.019140625 0.0734375
1 0.598046875 0.43359375 0.021875 0.096875
1 0.74609375 0.40234375 0.02109375 0.07421875
1 0.714453125 0.39609375 0.0203125 0.07421875
1 0.269921875 0.37578125 0.016796875 0.065625
1 0.1734375 0.4890625 0.035546875 0.11328125
1 0.180078125 0.39921875 0.023046875 0.07890625
1 0.14296875 0.48203125 0.029296875 0.12265625
1 0.730859375 0.3390625 0.02109375 0.0640625
1 0.4578125 0.3890625 0.016796875 0.08125
1 0.3515625 0.36328125 0.012890625 0.05
1 0.318359375 0.3578125 0.0203125 0.0734375
1 0.2265625 0.37890625 0.016796875 0.06640625
1 0.622265625 0.34765625 0.018359375 0.06796875
1 0.64765625 0.33515625 0.009765625 0.040625
2 0.362890625 0.38046875 0.011328125 0.0171875