1 0.721875 0.3984375 0.01875 0.0734375
1 0.833203125 0.39609375 0.018359375 0.07109375
1 0.746875 0.4078125 0.020703125 0.0828125
1 0.581640625 0.590625 0.03828125 0.19375
1 0.151953125 0.3984375 0.01875 0.0734375
1 0.961328125 0.38671875 0.01875 0.0703125
1 0.5734375 0.42890625 0.023828125 0.0890625
1 0.11171875 0.52890625 0.039453125 0.1796875
1 0.2453125 0.3828125 0.015625 0.06328125
1 0.45390625 0.34765625 0.016015625 0.04921875
1 0.43046875 0.3953125 0.017578125 0.08125
1 0.331640625 0.3703125 0.015625 0.05859375
1 0.21484375 0.37890625 0.016015625 0.06484375
1 0.598046875 0.35546875 0.019140625 0.0625
1 0.645703125 0.33984375 0.0140625 0.05
1 0.701171875 0.3390625 0.019140625 0.0484375
1 0.60546875 0.56796875 0.048828125 0.18046875