1 0.2375 0.55078125 0.0484375 0.1453125
1 0.653125 0.459375 0.025390625 0.0890625
1 0.890625 0.56953125 0.048046875 0.134375
1 0.143359375 0.48984375 0.02578125 0.1078125
1 0.709375 0.43359375 0.03046875 0.06953125
1 0.03515625 0.82109375 0.0703125 0.2890625
1 0.802734375 0.39453125 0.01953125 0.05390625
1 0.3921875 0.3921875 0.0171875 0.05
1 0.2984375 0.45859375 0.02421875 0.10078125
1 0.481640625 0.40390625 0.015234375 0.0546875
1 0.277734375 0.43125 0.025 0.08359375
1 0.430859375 0.4171875 0.023828125 0.0640625
1 0.902734375 0.515625 0.025390625 0.1109375
1 0.2796875 0.384375 0.019140625 0.04921875
1 0.658984375 0.43828125 0.01640625 0.078125
1 0.648046875 0.44453125 0.0171875 0.0640625
2 0.660546875 0.49453125 0.010546875 0.0203125
0 0.83125 0.37578125 0.125 0.084375