1 0.791015625 0.53515625 0.05390625 0.1640625
1 0.9765625 0.35234375 0.023046875 0.06953125
1 0.40546875 0.49140625 0.029296875 0.13828125
1 0.966015625 0.44765625 0.033203125 0.11640625
1 0.8984375 0.440625 0.023046875 0.090625
1 0.377734375 0.3875 0.019140625 0.0640625
1 0.315234375 0.3828125 0.019140625 0.06015625
1 0.565234375 0.4296875 0.021875 0.10078125
1 0.12265625 0.46796875 0.0390625 0.11953125
1 0.725 0.3578125 0.016015625 0.0578125
1 0.9875 0.41875 0.023046875 0.09765625
1 0.466796875 0.3296875 0.022265625 0.053125
1 0.80390625 0.3484375 0.026953125 0.06328125
0 0.463671875 0.309375 0.09453125 0.0515625