1 0.026171875 0.60078125 0.051953125 0.19296875
1 0.519140625 0.58046875 0.054296875 0.17421875
1 0.125 0.40703125 0.020703125 0.08046875
1 0.843359375 0.4015625 0.021875 0.071875
1 0.95078125 0.39140625 0.018359375 0.0671875
1 0.19609375 0.38515625 0.016796875 0.065625
1 0.737890625 0.4109375 0.02421875 0.0921875
1 0.58671875 0.6171875 0.041796875 0.21328125
1 0.091015625 0.48515625 0.027734375 0.1203125
1 0.224609375 0.3875 0.013671875 0.06328125
1 0.31640625 0.37734375 0.018359375 0.0578125
1 0.56171875 0.4328125 0.027734375 0.08671875
1 0.5796875 0.3625 0.019921875 0.0578125
1 0.400390625 0.3984375 0.021875 0.08515625
1 0.4578125 0.35 0.01796875 0.05546875
1 0.651171875 0.34296875 0.010546875 0.04609375
1 0.671875 0.34765625 0.014453125 0.0546875
1 0.744921875 0.41484375 0.02109375 0.08515625
2 0.356640625 0.39765625 0.011328125 0.0203125