1 0.664453125 0.63359375 0.0421875 0.18359375
1 0.4234375 0.64453125 0.038671875 0.18984375
1 0.91875 0.45234375 0.02265625 0.06328125
1 0.32109375 0.47890625 0.021875 0.07421875
1 0.69609375 0.47265625 0.01953125 0.08046875
1 0.41171875 0.471875 0.017578125 0.07734375
1 0.78203125 0.44453125 0.018359375 0.0703125
1 0.589453125 0.446875 0.01875 0.06484375
1 0.615625 0.44296875 0.018359375 0.0609375
1 0.338671875 0.44296875 0.01953125 0.0734375
1 0.828515625 0.4359375 0.019140625 0.07578125
1 0.3234375 0.4390625 0.019921875 0.0640625
1 0.616015625 0.43515625 0.0234375 0.0625
2 0.3359375 0.471875 0.013671875 0.025
0 0.650390625 0.40859375 0.125390625 0.084375