1 0.407421875 0.63046875 0.062109375 0.1921875
1 0.57578125 0.6859375 0.048828125 0.23828125
1 0.951171875 0.41015625 0.02109375 0.06796875
1 0.1671875 0.41796875 0.01640625 0.0671875
1 0.862109375 0.4296875 0.0203125 0.08046875
1 0.059375 0.434375 0.0234375 0.0828125
1 0.13671875 0.41171875 0.02109375 0.0671875
1 0.5296875 0.4546875 0.025 0.0890625
1 0.746875 0.43046875 0.02421875 0.08125
1 0.25546875 0.39453125 0.01796875 0.05390625
1 0.27265625 0.4078125 0.016796875 0.06953125
1 0.3484375 0.428125 0.03046875 0.096875
1 0.44296875 0.3765625 0.01875 0.05390625
1 0.550390625 0.38671875 0.025390625 0.06953125
1 0.639453125 0.38046875 0.018359375 0.05703125
1 0.660546875 0.37265625 0.016796875 0.059375
1 0.735546875 0.44765625 0.0234375 0.1046875