1 0.61875 0.4421875 0.026953125 0.07890625
1 0.656640625 0.4625 0.025 0.06953125
1 0.465625 0.49375 0.03359375 0.10625
1 0.234765625 0.39609375 0.020703125 0.0625
1 0.737109375 0.48671875 0.023828125 0.10390625
1 0.09375 0.590625 0.057421875 0.17421875
1 0.60546875 0.49453125 0.037109375 0.090625
1 0.014453125 0.47109375 0.028515625 0.11171875
1 0.037109375 0.78125 0.053125 0.27890625
1 0.09453125 0.3890625 0.021484375 0.06640625
1 0.573828125 0.49609375 0.0296875 0.07734375
1 0.030859375 0.44765625 0.025390625 0.09765625
1 0.369140625 0.415625 0.017578125 0.06484375
1 0.616015625 0.39375 0.021484375 0.053125
1 0.319921875 0.421875 0.01953125 0.0703125
2 0.515234375 0.52109375 0.0171875 0.02578125
0 0.6109375 0.375 0.128515625 0.090625