1 0.3078125 0.665625 0.065234375 0.21171875
1 0.719921875 0.478125 0.024609375 0.1
1 0.746875 0.43984375 0.01953125 0.08125
1 0.56328125 0.7328125 0.063671875 0.26171875
1 0.86953125 0.4484375 0.0203125 0.08125
1 0.943359375 0.42421875 0.02265625 0.07265625
1 0.294140625 0.44296875 0.01796875 0.08125
1 0.12578125 0.43515625 0.017578125 0.075
1 0.095703125 0.425 0.01640625 0.07578125
1 0.196875 0.40625 0.020703125 0.0796875
1 0.5 0.459375 0.021484375 0.08828125
1 0.596484375 0.3859375 0.020703125 0.0671875
1 0.519140625 0.40390625 0.020703125 0.06953125
1 0.233984375 0.41640625 0.0140625 0.05546875
1 0.665234375 0.3890625 0.0171875 0.06015625
1 0.43671875 0.38515625 0.012890625 0.059375