1 0.098828125 0.459375 0.031640625 0.1078125
1 0.6703125 0.459375 0.02421875 0.08125
1 0.53203125 0.46328125 0.023828125 0.0828125
1 0.49921875 0.471875 0.02109375 0.09140625
1 0.613671875 0.42890625 0.025 0.07734375
1 0.1890625 0.7015625 0.03828125 0.23046875
1 0.294921875 0.39453125 0.016796875 0.0609375
1 0.31875 0.41953125 0.019921875 0.05625
1 0.176953125 0.3875 0.01953125 0.05859375
1 0.218359375 0.57109375 0.053125 0.15859375
1 0.605859375 0.390625 0.018359375 0.0515625
1 0.4046875 0.45625 0.01875 0.090625
1 0.4046875 0.40234375 0.019140625 0.0828125
2 0.441015625 0.49296875 0.013671875 0.02890625
0 0.60546875 0.37578125 0.123828125 0.08125