1 0.396484375 0.60625 0.02734375 0.15390625
1 0.9140625 0.459375 0.0203125 0.0671875
1 0.604296875 0.5859375 0.03125 0.14296875
1 0.245703125 0.47734375 0.020703125 0.05703125
1 0.791796875 0.434375 0.0203125 0.0625
1 0.321484375 0.4578125 0.0265625 0.078125
1 0.690234375 0.44921875 0.020703125 0.05625
1 0.655078125 0.44609375 0.01953125 0.0625
1 0.34375 0.45390625 0.01796875 0.08828125
1 0.325390625 0.46640625 0.023046875 0.090625
1 0.751953125 0.44296875 0.01953125 0.071875
1 0.77734375 0.4328125 0.016015625 0.07421875
1 0.992578125 0.50546875 0.01484375 0.1140625
2 0.273046875 0.503125 0.0125 0.025