1 0.69453125 0.503125 0.028125 0.1140625
1 0.534375 0.76953125 0.06328125 0.27578125
1 0.058984375 0.45859375 0.023046875 0.078125
1 0.730078125 0.45625 0.01875 0.078125
1 0.23984375 0.71875 0.0734375 0.22734375
1 0.8515625 0.46875 0.01953125 0.0875
1 0.0171875 0.45078125 0.0203125 0.07734375
1 0.92890625 0.4453125 0.018359375 0.0765625
1 0.21328125 0.47265625 0.021875 0.08984375
1 0.167578125 0.440625 0.01640625 0.05625
1 0.108203125 0.43125 0.023828125 0.09375
1 0.409765625 0.4109375 0.014453125 0.05703125
1 0.450390625 0.47734375 0.020703125 0.103125
1 0.471484375 0.42265625 0.026171875 0.06796875
1 0.5453125 0.4109375 0.020703125 0.0671875
1 0.660546875 0.4015625 0.02421875 0.06640625