1 0.217578125 0.7140625 0.0421875 0.225
1 0.65390625 0.5046875 0.021875 0.11484375
1 0.694921875 0.44765625 0.020703125 0.08125
1 0.80078125 0.4625 0.02421875 0.08515625
1 0.152734375 0.4734375 0.026171875 0.0984375
1 0.526171875 0.76484375 0.053515625 0.2859375
1 0.889453125 0.43671875 0.018359375 0.06875
1 0.06328125 0.42578125 0.019921875 0.06484375
1 0.031640625 0.4515625 0.02109375 0.078125
1 0.4046875 0.46640625 0.02109375 0.08984375
1 0.38828125 0.40390625 0.018359375 0.05859375
1 0.433203125 0.42265625 0.022265625 0.08125
1 0.501953125 0.403125 0.01953125 0.06171875
1 0.654296875 0.4015625 0.01953125 0.06640625
1 0.137890625 0.43671875 0.020703125 0.0734375