1 0.823046875 0.53671875 0.028515625 0.1203125
1 0.86171875 0.5609375 0.043359375 0.10234375
1 0.2546875 0.559375 0.03125 0.1171875
1 0.6 0.6734375 0.06953125 0.20546875
1 0.643359375 0.4578125 0.019921875 0.078125
1 0.631640625 0.5890625 0.03515625 0.12734375
1 0.76953125 0.84140625 0.059765625 0.29921875
1 0.912890625 0.45703125 0.026953125 0.0734375
1 0.130859375 0.46484375 0.03203125 0.0765625
1 0.4109375 0.45234375 0.0171875 0.059375
1 0.38046875 0.4484375 0.01875 0.0609375
1 0.921875 0.440625 0.0234375 0.0609375
2 0.586328125 0.1671875 0.018359375 0.034375
0 0.417578125 0.41015625 0.1390625 0.0875