1 0.60703125 0.52109375 0.0359375 0.11328125
1 0.671875 0.4484375 0.01875 0.0734375
1 0.087890625 0.48359375 0.029296875 0.09609375
1 0.85703125 0.4421875 0.0203125 0.07109375
1 0.991796875 0.43203125 0.016015625 0.071875
1 0.514453125 0.76953125 0.06328125 0.278125
1 0.7640625 0.46875 0.01875 0.0828125
1 0.6453125 0.40546875 0.0171875 0.0609375
1 0.36796875 0.4125 0.019921875 0.06796875
1 0.3671875 0.46484375 0.019140625 0.08046875
1 0.191796875 0.725 0.058203125 0.24453125
1 0.390625 0.43046875 0.022265625 0.0671875
1 0.0109375 0.42734375 0.021484375 0.08125
1 0.100390625 0.44453125 0.02578125 0.08203125
1 0.46484375 0.4078125 0.01484375 0.05703125
2 0.31875 0.48515625 0.0125 0.025