1 0.743359375 0.53671875 0.025 0.1109375
1 0.66484375 0.5640625 0.03125 0.13046875
1 0.888671875 0.48828125 0.033984375 0.096875
1 0.379296875 0.45 0.01875 0.06484375
1 0.708203125 0.5359375 0.026171875 0.09375
1 0.320703125 0.43359375 0.016015625 0.059375
1 0.775 0.4546875 0.018359375 0.06640625
1 0.127734375 0.4671875 0.02265625 0.0703125
1 0.553515625 0.45703125 0.017578125 0.06875
1 0.273046875 0.528125 0.037890625 0.12109375
1 0.61171875 0.659375 0.046484375 0.21640625
1 0.645703125 0.74375 0.036328125 0.2890625
1 0.80390625 0.43125 0.019140625 0.06640625
0 0.328125 0.40703125 0.13515625 0.08515625