1 0.047265625 0.53515625 0.02578125 0.10078125
1 0.26640625 0.53203125 0.026953125 0.11328125
1 0.69140625 0.51953125 0.02109375 0.0890625
1 0.70546875 0.65078125 0.04296875 0.16484375
1 0.840625 0.5265625 0.023828125 0.096875
1 0.538671875 0.7359375 0.0421875 0.22578125
1 0.7140625 0.48671875 0.020703125 0.0765625
1 0.7890625 0.5 0.0203125 0.078125
1 0.4484375 0.46875 0.022265625 0.05
1 0.38984375 0.509375 0.027734375 0.09375
1 0.86015625 0.49921875 0.022265625 0.09453125
1 0.30390625 0.47421875 0.020703125 0.07421875
1 0.40625 0.4640625 0.01875 0.06328125
1 0.599609375 0.4875 0.019140625 0.07578125
1 0.337109375 0.49609375 0.023828125 0.078125
1 0.62421875 0.47734375 0.019140625 0.0765625
1 0.327734375 0.465625 0.01953125 0.07578125
1 0.890625 0.46953125 0.013671875 0.08203125
0 0.93671875 0.45234375 0.1265625 0.10703125