1 0.115234375 0.5546875 0.027734375 0.13046875
1 0.93125 0.60078125 0.03125 0.140625
1 0.3453125 0.51328125 0.0265625 0.1109375
1 0.605078125 0.48828125 0.023046875 0.0921875
1 0.63515625 0.45546875 0.021484375 0.05390625
1 0.030859375 0.4578125 0.023046875 0.071875
1 0.43984375 0.43984375 0.016796875 0.05859375
1 0.568359375 0.4421875 0.0171875 0.046875
1 0.4109375 0.4828125 0.0203125 0.0703125
1 0.108203125 0.44140625 0.028515625 0.10546875
1 0.409375 0.440625 0.024609375 0.0671875
1 0.534765625 0.43671875 0.025390625 0.071875
1 0.550390625 0.4390625 0.0171875 0.08203125
0 0.435546875 0.40546875 0.135546875 0.0890625