1 0.300390625 0.51640625 0.0234375 0.1125
1 0.969921875 0.49453125 0.0265625 0.115625
1 0.57109375 0.48125 0.025 0.0875
1 0.918359375 0.584375 0.041796875 0.1484375
1 0.377734375 0.478125 0.02421875 0.075
1 0.640234375 0.44765625 0.020703125 0.05546875
1 0.87734375 0.453125 0.02109375 0.06953125
1 0.01015625 0.5609375 0.0203125 0.13515625
1 0.5546875 0.44375 0.019140625 0.06640625
1 0.07734375 0.4609375 0.02109375 0.07265625
1 0.50625 0.43203125 0.02265625 0.0734375
1 0.40390625 0.44375 0.018359375 0.08125
1 0.416015625 0.4484375 0.01875 0.08125
1 0.36640625 0.4296875 0.01875 0.06171875
1 0.382421875 0.45 0.019140625 0.0859375
1 0.96953125 0.44765625 0.018359375 0.07265625
0 0.342578125 0.4109375 0.133203125 0.08515625