1 0.201953125 0.69765625 0.05859375 0.22265625
1 0.52109375 0.50390625 0.02734375 0.115625
1 0.650390625 0.43125 0.016015625 0.06796875
1 0.712890625 0.45546875 0.021875 0.07890625
1 0.02734375 0.46875 0.021875 0.0890625
1 0.424609375 0.4015625 0.023828125 0.06953125
1 0.491796875 0.74296875 0.061328125 0.26328125
1 0.928125 0.4140625 0.014453125 0.059375
1 0.334765625 0.45078125 0.01953125 0.08515625
1 0.81484375 0.42734375 0.019140625 0.06796875
1 0.096484375 0.43203125 0.016796875 0.06171875
1 0.62734375 0.39765625 0.01875 0.059375
1 0.3609375 0.4078125 0.016015625 0.0671875
1 0.37578125 0.39296875 0.013671875 0.06328125