1 0.265234375 0.53203125 0.02421875 0.109375
1 0.759765625 0.653125 0.04296875 0.165625
1 0.84453125 0.525 0.020703125 0.096875
1 0.69375 0.5203125 0.0203125 0.07578125
1 0.548828125 0.72109375 0.040234375 0.20078125
1 0.875390625 0.50390625 0.02109375 0.0875
1 0.3828125 0.49765625 0.021484375 0.08125
1 0.773046875 0.50390625 0.020703125 0.06484375
1 0.085546875 0.5234375 0.023828125 0.10078125
1 0.42578125 0.51953125 0.023828125 0.07734375
1 0.7171875 0.490625 0.01875 0.0765625
1 0.901953125 0.47109375 0.0234375 0.08359375
1 0.486328125 0.47109375 0.023046875 0.05703125
1 0.6171875 0.4890625 0.022265625 0.06875
1 0.44921875 0.471875 0.019140625 0.07109375
1 0.434375 0.475 0.0203125 0.06953125
1 0.634765625 0.47421875 0.021875 0.0671875
2 0.5203125 0.49375 0.01171875 0.02734375
0 0.947265625 0.46171875 0.10546875 0.115625