1 0.201953125 0.68984375 0.057421875 0.221875
1 0.495703125 0.72578125 0.059765625 0.2515625
1 0.783203125 0.41953125 0.02109375 0.0640625
1 0.68515625 0.4453125 0.0203125 0.0765625
1 0.024609375 0.45546875 0.02265625 0.0859375
1 0.482421875 0.49140625 0.03125 0.11015625
1 0.09765625 0.42265625 0.019140625 0.06015625
1 0.628515625 0.4203125 0.01640625 0.059375
1 0.33046875 0.43828125 0.025390625 0.09921875
1 0.375390625 0.3859375 0.016796875 0.06796875
1 0.399609375 0.39375 0.015625 0.065625
1 0.361328125 0.41484375 0.01953125 0.075
1 0.613671875 0.3875 0.01875 0.0578125
1 0.884375 0.41171875 0.018359375 0.06875
1 0.992578125 0.5015625 0.01484375 0.134375
1 0.006640625 0.4390625 0.0109375 0.109375