1 0.958203125 0.55390625 0.032421875 0.1140625
1 0.266796875 0.52734375 0.021484375 0.1203125
1 0.834765625 0.45625 0.016015625 0.05
1 0.570703125 0.4703125 0.033984375 0.0953125
1 0.3609375 0.46171875 0.0203125 0.06328125
1 0.06640625 0.46484375 0.030859375 0.06796875
1 0.29921875 0.4328125 0.0171875 0.0546875
1 0.877734375 0.4984375 0.02265625 0.10390625
1 0.73984375 0.4484375 0.016796875 0.0609375
1 0.3765625 0.47890625 0.019140625 0.0796875
1 0.649609375 0.44296875 0.014453125 0.0484375
1 0.40703125 0.4578125 0.01640625 0.053125
1 0.37578125 0.4359375 0.0171875 0.0796875
1 0.483984375 0.434375 0.03046875 0.08125
1 0.55703125 0.44609375 0.019921875 0.0734375
1 0.58671875 0.44453125 0.02265625 0.07890625