1 0.76640625 0.64765625 0.04765625 0.165625
1 0.06484375 0.521875 0.021484375 0.090625
1 0.803515625 0.5203125 0.020703125 0.0859375
1 0.226953125 0.528125 0.0234375 0.10703125
1 0.82421875 0.4796875 0.0203125 0.06875
1 0.613671875 0.48984375 0.01875 0.06640625
1 0.50625 0.696875 0.0375 0.1984375
1 0.772265625 0.49453125 0.01953125 0.0703125
1 0.836328125 0.50078125 0.021484375 0.0765625
1 0.68125 0.51171875 0.01953125 0.0765625
1 0.472265625 0.47265625 0.017578125 0.06484375
1 0.490625 0.47890625 0.017578125 0.059375
1 0.63515625 0.478125 0.01796875 0.05546875
1 0.54375 0.475 0.015234375 0.05703125
1 0.70546875 0.48984375 0.018359375 0.071875
1 0.4046875 0.5046875 0.02890625 0.09453125
1 0.557421875 0.471875 0.01640625 0.0671875
0 0.919921875 0.465625 0.16015625 0.13046875