1 0.737109375 0.59609375 0.03359375 0.17578125
1 0.5984375 0.57265625 0.037890625 0.1390625
1 0.834765625 0.4984375 0.0296875 0.109375
1 0.147265625 0.86953125 0.073828125 0.2609375
1 0.632421875 0.4421875 0.017578125 0.0671875
1 0.526171875 0.5203125 0.037890625 0.1171875
1 0.466796875 0.44140625 0.01953125 0.071875
1 0.714453125 0.4203125 0.0171875 0.05390625
1 0.45390625 0.46796875 0.01796875 0.08046875
1 0.598046875 0.41796875 0.019921875 0.07890625
1 0.41015625 0.43359375 0.018359375 0.06640625
1 0.423046875 0.39609375 0.015625 0.05625
1 0.6171875 0.44453125 0.016015625 0.075
1 0.690625 0.40546875 0.016796875 0.05625
1 0.5390625 0.4828125 0.020703125 0.08046875
1 0.52109375 0.4828125 0.01875 0.08984375
2 0.475 0.45625 0.012109375 0.0265625
0 0.397265625 0.38125 0.1109375 0.065625