1 0.423828125 0.4765625 0.019140625 0.06328125
1 0.665234375 0.4859375 0.019921875 0.06328125
1 0.387890625 0.48984375 0.0234375 0.07734375
1 0.340625 0.50546875 0.021875 0.0890625
1 0.73125 0.640625 0.04921875 0.16328125
1 0.40859375 0.6828125 0.0359375 0.1859375
1 0.157421875 0.52578125 0.022265625 0.103125
1 0.467578125 0.47421875 0.021875 0.065625
1 0.574609375 0.48515625 0.025390625 0.06875
1 0.6046875 0.47734375 0.018359375 0.053125
1 0.64140625 0.5046875 0.021484375 0.071875
1 0.719921875 0.515625 0.01796875 0.0796875
1 0.741796875 0.490625 0.01953125 0.06953125
1 0.7828125 0.49296875 0.02109375 0.071875
1 0.55234375 0.47109375 0.0171875 0.0859375
1 0.7265625 0.47734375 0.021875 0.05859375
0 0.841796875 0.46484375 0.172265625 0.1125