1 0.796484375 0.5046875 0.02109375 0.10078125
1 0.278125 0.53984375 0.023046875 0.1203125
1 0.101953125 0.46953125 0.026953125 0.08515625
1 0.741796875 0.45625 0.01953125 0.05078125
1 0.408203125 0.484375 0.021875 0.07734375
1 0.380078125 0.4515625 0.01953125 0.08046875
1 0.7046875 0.45546875 0.0203125 0.0671875
1 0.35859375 0.46328125 0.01796875 0.0671875
1 0.667578125 0.45234375 0.017578125 0.0578125
1 0.59765625 0.478125 0.026171875 0.0859375
1 0.262109375 0.44296875 0.01640625 0.05546875
1 0.576953125 0.4578125 0.023046875 0.0796875
1 0.428125 0.453125 0.02265625 0.0921875
1 0.491015625 0.4359375 0.019921875 0.07578125
1 0.60390625 0.44765625 0.013671875 0.07734375
2 0.7265625 0.46484375 0.011328125 0.02578125
0 0.200390625 0.4265625 0.1484375 0.0890625