1 0.7640625 0.578125 0.054296875 0.1671875
1 0.6140625 0.540625 0.03203125 0.12890625
1 0.6234375 0.4484375 0.01875 0.07421875
1 0.440234375 0.49375 0.025390625 0.0921875
1 0.85390625 0.47578125 0.0203125 0.096875
1 0.77109375 0.41171875 0.016796875 0.0546875
1 0.553125 0.46015625 0.019921875 0.0734375
1 0.516796875 0.4390625 0.018359375 0.08046875
1 0.50078125 0.45234375 0.01796875 0.06015625
1 0.64296875 0.4265625 0.016796875 0.06640625
1 0.535546875 0.44609375 0.021875 0.06796875
1 0.504296875 0.38203125 0.013671875 0.05078125
1 0.73671875 0.39375 0.017578125 0.0609375
1 0.66171875 0.40390625 0.02109375 0.0671875
1 0.6578125 0.42265625 0.018359375 0.07734375
0 0.481640625 0.37265625 0.1046875 0.06796875