1 0.764453125 0.58671875 0.05546875 0.17265625
1 0.440234375 0.4796875 0.02578125 0.07890625
1 0.90078125 0.4890625 0.025 0.1
1 0.59453125 0.540625 0.031640625 0.12265625
1 0.672265625 0.4375 0.016796875 0.0671875
1 0.623046875 0.4578125 0.019140625 0.0734375
1 0.558203125 0.453125 0.022265625 0.08203125
1 0.47109375 0.465625 0.020703125 0.06796875
1 0.26171875 0.76953125 0.077734375 0.23828125
1 0.13125 0.56484375 0.036328125 0.153125
1 0.692578125 0.44921875 0.019140625 0.08046875
1 0.706640625 0.4140625 0.019921875 0.08125
1 0.5609375 0.39609375 0.019140625 0.06015625
1 0.8265625 0.42109375 0.015625 0.05546875
1 0.7875 0.41171875 0.01796875 0.07421875
1 0.690234375 0.4234375 0.01875 0.06953125
0 0.544921875 0.37890625 0.104296875 0.0765625