1 0.64296875 0.64296875 0.04296875 0.15078125
1 0.21640625 0.509375 0.022265625 0.08828125
1 0.012109375 0.5359375 0.02265625 0.10390625
1 0.564453125 0.484375 0.019140625 0.06328125
1 0.253515625 0.6796875 0.0296875 0.18046875
1 0.68203125 0.490625 0.02109375 0.06875
1 0.596875 0.51328125 0.019140625 0.08046875
1 0.4890625 0.4765625 0.01875 0.05546875
1 0.52734375 0.50234375 0.021484375 0.06796875
1 0.30390625 0.49765625 0.02421875 0.07421875
1 0.461328125 0.49140625 0.01796875 0.06875
1 0.366796875 0.48203125 0.0203125 0.06640625
1 0.519140625 0.4796875 0.019921875 0.0671875
1 0.438671875 0.48125 0.01640625 0.05546875
1 0.29296875 0.48046875 0.01015625 0.0796875
1 0.641796875 0.49296875 0.017578125 0.0609375
1 0.630859375 0.48828125 0.02265625 0.075
0 0.69921875 0.47265625 0.1578125 0.115625