1 0.408203125 0.5 0.02109375 0.07265625
1 0.58828125 0.64453125 0.0328125 0.14453125
1 0.523828125 0.51875 0.022265625 0.08515625
1 0.22734375 0.503125 0.0203125 0.07265625
1 0.1390625 0.6671875 0.027734375 0.16875
1 0.619140625 0.49140625 0.01953125 0.06640625
1 0.271484375 0.48828125 0.01875 0.06484375
1 0.452734375 0.48671875 0.021875 0.0609375
1 0.5671875 0.49453125 0.019140625 0.06171875
1 0.122265625 0.5171875 0.030859375 0.0859375
1 0.121484375 0.4953125 0.033984375 0.04609375
1 0.3765625 0.50078125 0.019921875 0.0625
1 0.99375 0.525 0.0125 0.09140625
1 0.341796875 0.48828125 0.0171875 0.0609375
1 0.186328125 0.4890625 0.019140625 0.059375
1 0.526171875 0.4953125 0.018359375 0.0703125
1 0.3703125 0.4734375 0.022265625 0.0546875
1 0.4609375 0.48359375 0.01796875 0.0625
0 0.602734375 0.47890625 0.165625 0.1171875