1 0.20859375 0.6421875 0.062109375 0.2015625
1 0.946484375 0.39609375 0.018359375 0.06796875
1 0.8828125 0.45703125 0.02421875 0.10703125
1 0.703515625 0.390625 0.01640625 0.06015625
1 0.38203125 0.45625 0.032421875 0.10234375
1 0.612109375 0.41875 0.016796875 0.07421875
1 0.063671875 0.42109375 0.02421875 0.08984375
1 0.452734375 0.690625 0.053125 0.196875
1 0.557421875 0.384375 0.017578125 0.0625
1 0.367578125 0.35625 0.015625 0.053125
1 0.155859375 0.39296875 0.016796875 0.05859375
1 0.76484375 0.3671875 0.016015625 0.05625
1 0.341796875 0.35859375 0.008984375 0.05078125
1 0.35234375 0.3984375 0.019140625 0.075
1 0.571875 0.35703125 0.01875 0.0515625
1 0.992578125 0.37421875 0.014453125 0.075