1 0.7125 0.603125 0.053515625 0.17265625
1 0.894921875 0.51171875 0.021484375 0.10859375
1 0.1359375 0.5875 0.03828125 0.15625
1 0.378125 0.4703125 0.019140625 0.06953125
1 0.671484375 0.47109375 0.0203125 0.08828125
1 0.521875 0.5421875 0.026953125 0.1125
1 0.701953125 0.46328125 0.020703125 0.078125
1 0.546875 0.484375 0.023828125 0.08359375
1 0.24296875 0.7765625 0.0703125 0.23359375
1 0.51640625 0.45625 0.01953125 0.075
1 0.839453125 0.44296875 0.014453125 0.06171875
1 0.396875 0.478125 0.016015625 0.06640625
1 0.805078125 0.43828125 0.022265625 0.053125
1 0.575390625 0.4140625 0.01796875 0.04609375
1 0.68515625 0.45 0.019140625 0.0703125
1 0.66875 0.44921875 0.016796875 0.0703125
1 0.710546875 0.4375 0.017578125 0.06953125
2 0.373828125 0.49296875 0.00625 0.01328125
0 0.568359375 0.4 0.115625 0.078125