1 0.408984375 0.45625 0.0234375 0.0671875
1 0.3515625 0.5453125 0.023828125 0.128125
1 0.698828125 0.4703125 0.01953125 0.0890625
1 0.71328125 0.5015625 0.023046875 0.09765625
1 0.2078125 0.4625 0.023046875 0.08046875
1 0.505859375 0.45546875 0.019140625 0.07734375
1 0.515625 0.475 0.023828125 0.07421875
1 0.534765625 0.4375 0.018359375 0.065625
1 0.6609375 0.4578125 0.019921875 0.06953125
1 0.22890625 0.434375 0.018359375 0.06171875
1 0.6515625 0.43359375 0.015625 0.0671875
1 0.70078125 0.45 0.01875 0.0671875
1 0.748828125 0.446875 0.022265625 0.05625
1 0.7734375 0.44140625 0.021875 0.07578125
0 0.158984375 0.4265625 0.149609375 0.0890625