1 0.7 0.6171875 0.054296875 0.18203125
1 0.926171875 0.51796875 0.02265625 0.1015625
1 0.5484375 0.49453125 0.025 0.08828125
1 0.4609375 0.540625 0.02421875 0.115625
1 0.3203125 0.46875 0.0203125 0.0703125
1 0.3703125 0.46796875 0.01640625 0.065625
1 0.891796875 0.45234375 0.01640625 0.0625
1 0.6953125 0.4578125 0.01796875 0.0609375
1 0.50703125 0.45703125 0.019140625 0.06875
1 0.846875 0.446875 0.015625 0.05390625
1 0.60625 0.41640625 0.017578125 0.059375
1 0.7125 0.45625 0.01640625 0.08359375
1 0.74765625 0.44140625 0.023828125 0.06875
1 0.728515625 0.4828125 0.0140625 0.08515625
1 0.742578125 0.48046875 0.019140625 0.090625
0 0.616796875 0.403125 0.125 0.07265625