1 0.500390625 0.51953125 0.021875 0.08125
1 0.587890625 0.64375 0.027734375 0.13984375
1 0.375390625 0.478125 0.024609375 0.07421875
1 0.56953125 0.48828125 0.020703125 0.06328125
1 0.097265625 0.62421875 0.028125 0.15390625
1 0.537109375 0.48671875 0.0171875 0.06953125
1 0.949609375 0.52578125 0.019921875 0.07109375
1 0.45 0.4921875 0.01953125 0.065625
1 0.144921875 0.4859375 0.0171875 0.05859375
1 0.326953125 0.49765625 0.021875 0.0671875
1 0.409375 0.48125 0.019140625 0.06953125
1 0.16796875 0.49609375 0.01796875 0.0703125
1 0.215234375 0.4859375 0.019140625 0.06484375
1 0.92265625 0.5015625 0.017578125 0.059375
1 0.285546875 0.4765625 0.017578125 0.06953125
1 0.30078125 0.47890625 0.01796875 0.06953125
1 0.083984375 0.509375 0.036328125 0.1015625
1 0.331640625 0.4890625 0.01796875 0.0734375
0 0.55390625 0.4703125 0.159375 0.12265625