1 0.16015625 0.6328125 0.054296875 0.19375
1 0.058984375 0.4171875 0.027734375 0.08125
1 0.8 0.43671875 0.020703125 0.09765625
1 0.870703125 0.384375 0.017578125 0.06953125
1 0.39921875 0.7046875 0.08203125 0.24140625
1 0.563671875 0.40546875 0.017578125 0.071875
1 0.515625 0.37578125 0.01484375 0.05546875
1 0.65 0.37890625 0.015234375 0.05859375
1 0.129296875 0.384375 0.016015625 0.05546875
1 0.696875 0.3578125 0.01796875 0.05859375
1 0.921875 0.37109375 0.0140625 0.053125
1 0.316015625 0.4296875 0.021875 0.13984375
1 0.047265625 0.3921875 0.01796875 0.0875
1 0.526953125 0.3546875 0.012109375 0.04609375
1 0.327734375 0.3515625 0.01171875 0.04765625
1 0.321484375 0.3640625 0.01171875 0.05
2 0.4890625 0.4125 0.0109375 0.02421875