1 0.658984375 0.6125 0.044140625 0.18046875
1 0.946875 0.50859375 0.023046875 0.10546875
1 0.53828125 0.49609375 0.0234375 0.0875
1 0.416796875 0.52890625 0.0234375 0.1109375
1 0.760546875 0.4796875 0.0125 0.08515625
1 0.286328125 0.45625 0.018359375 0.06484375
1 0.712890625 0.45625 0.013671875 0.0703125
1 0.90625 0.45703125 0.017578125 0.06796875
1 0.37109375 0.44921875 0.01796875 0.06640625
1 0.144921875 0.62578125 0.04140625 0.18046875
1 0.853515625 0.44375 0.027734375 0.09296875
1 0.742578125 0.4390625 0.018359375 0.07265625
1 0.512109375 0.44921875 0.016796875 0.0890625
1 0.61953125 0.4265625 0.0203125 0.05703125
1 0.773828125 0.47890625 0.024609375 0.09296875
0 0.64765625 0.40625 0.134765625 0.07890625