1 0.73515625 0.47734375 0.019921875 0.08046875
1 0.461328125 0.5484375 0.035546875 0.12734375
1 0.5578125 0.44375 0.019921875 0.0703125
1 0.673046875 0.50078125 0.0265625 0.09921875
1 0.048828125 0.54921875 0.029296875 0.13125
1 0.455859375 0.45546875 0.02109375 0.07734375
1 0.582421875 0.47109375 0.018359375 0.0640625
1 0.23828125 0.4453125 0.016796875 0.0578125
1 0.49296875 0.45625 0.016796875 0.06328125
1 0.290625 0.4625 0.01640625 0.06953125
1 0.683984375 0.46484375 0.01953125 0.07421875
1 0.011328125 0.51171875 0.02265625 0.09453125
1 0.038671875 0.5140625 0.02734375 0.10859375
1 0.766796875 0.4453125 0.016796875 0.06796875
1 0.634765625 0.45703125 0.019921875 0.059375
1 0.6453125 0.44453125 0.01171875 0.059375
1 0.6578125 0.44609375 0.013671875 0.059375
1 0.669140625 0.453125 0.02109375 0.05859375
0 0.165625 0.42734375 0.15859375 0.09921875