1 0.614453125 0.52421875 0.02265625 0.08984375
1 0.7359375 0.665625 0.033203125 0.1578125
1 0.186328125 0.57421875 0.026171875 0.121875
1 0.394921875 0.49375 0.0234375 0.07421875
1 0.48203125 0.4859375 0.023046875 0.05859375
1 0.247265625 0.4859375 0.019921875 0.07265625
1 0.290234375 0.48359375 0.019921875 0.0640625
1 0.34296875 0.48671875 0.02109375 0.06796875
1 0.515234375 0.49140625 0.01640625 0.05078125
1 0.64921875 0.48515625 0.0203125 0.06875
1 0.990625 0.49296875 0.01796875 0.06328125
1 0.180859375 0.4984375 0.023046875 0.0703125
1 0.319140625 0.47109375 0.01796875 0.065625
1 0.372265625 0.471875 0.012109375 0.06640625
1 0.382421875 0.46640625 0.014453125 0.07109375
1 0.634375 0.48125 0.016796875 0.078125
0 0.6640625 0.4671875 0.160546875 0.11640625