1 0.423828125 0.51015625 0.021875 0.09296875
1 0.98828125 0.503125 0.02265625 0.10390625
1 0.614453125 0.60078125 0.037109375 0.17578125
1 0.808203125 0.47734375 0.023046875 0.09375
1 0.52109375 0.4921875 0.02109375 0.08515625
1 0.149609375 0.63984375 0.039453125 0.18984375
1 0.25078125 0.85390625 0.05546875 0.275
1 0.932421875 0.4609375 0.020703125 0.07734375
1 0.794140625 0.4828125 0.021875 0.08671875
1 0.287890625 0.45625 0.01953125 0.0640625
1 0.712109375 0.4546875 0.019921875 0.0734375
1 0.74140625 0.446875 0.019921875 0.084375
1 0.53359375 0.4453125 0.022265625 0.0890625
1 0.362890625 0.453125 0.025 0.07265625
1 0.653515625 0.4265625 0.015625 0.05625
1 0.864453125 0.44453125 0.0203125 0.07890625
1 0.7234375 0.453125 0.0171875 0.0875
2 0.28671875 0.4765625 0.00859375 0.01953125
0 0.6828125 0.4078125 0.142578125 0.09375