1 0.65390625 0.409375 0.0234375 0.0859375
1 0.68203125 0.3640625 0.015625 0.05859375
1 0.503515625 0.37109375 0.023828125 0.0546875
1 0.31953125 0.53828125 0.0515625 0.15625
1 0.12578125 0.4453125 0.026171875 0.11015625
1 0.091796875 0.38984375 0.018359375 0.0671875
1 0.32890625 0.4015625 0.02265625 0.0734375
1 0.7203125 0.346875 0.016015625 0.0546875
1 0.133203125 0.34140625 0.01640625 0.04765625
1 0.53359375 0.3421875 0.016015625 0.05859375
1 0.258984375 0.36171875 0.015234375 0.0578125
1 0.3578125 0.35390625 0.01796875 0.05546875
1 0.373828125 0.3359375 0.0140625 0.0390625
1 0.230078125 0.3453125 0.018359375 0.05390625
1 0.01484375 0.37890625 0.023828125 0.0765625
0 0.873046875 0.3296875 0.1125 0.07421875