1 0.72421875 0.67265625 0.0359375 0.16328125
1 0.61796875 0.5359375 0.021875 0.0890625
1 0.9734375 0.4921875 0.01875 0.05703125
1 0.16953125 0.55 0.023046875 0.121875
1 0.375 0.49453125 0.026171875 0.078125
1 0.1703125 0.50078125 0.023828125 0.071875
1 0.275 0.4859375 0.01953125 0.06484375
1 0.244921875 0.48515625 0.01953125 0.0703125
1 0.630859375 0.4859375 0.023046875 0.07265625
1 0.436328125 0.4859375 0.021484375 0.0671875
1 0.527734375 0.49140625 0.016015625 0.04921875
1 0.30703125 0.48046875 0.01171875 0.0796875
1 0.323828125 0.48203125 0.01640625 0.07109375
1 0.340625 0.4734375 0.018359375 0.0734375
2 0.5484375 0.5046875 0.01015625 0.02109375
0 0.676953125 0.47109375 0.16640625 0.12109375