1 0.250390625 0.8546875 0.055078125 0.26875
1 0.473046875 0.48046875 0.0203125 0.0734375
1 0.536328125 0.58671875 0.040625 0.16640625
1 0.404296875 0.48828125 0.026171875 0.06484375
1 0.969921875 0.49296875 0.023046875 0.09140625
1 0.810546875 0.4734375 0.01953125 0.084375
1 0.76953125 0.47578125 0.01796875 0.06875
1 0.334765625 0.45703125 0.017578125 0.06875
1 0.27890625 0.45546875 0.019921875 0.06328125
1 0.906640625 0.46015625 0.022265625 0.07578125
1 0.6796875 0.45 0.01875 0.071875
1 0.542578125 0.43984375 0.0203125 0.08671875
1 0.1484375 0.64140625 0.03671875 0.190625
1 0.8453125 0.45 0.021875 0.0734375
1 0.664453125 0.43125 0.021484375 0.065625
1 0.7328125 0.4515625 0.015234375 0.0703125
1 0.724609375 0.4375 0.01171875 0.0828125
0 0.691015625 0.41640625 0.13984375 0.0921875