1 0.394140625 0.4921875 0.038671875 0.12265625
1 0.022265625 0.4671875 0.034375 0.1109375
1 0.46875 0.37734375 0.016796875 0.06171875
1 0.6140625 0.41875 0.020703125 0.08828125
1 0.162109375 0.3578125 0.02265625 0.0703125
1 0.249609375 0.365625 0.019140625 0.0578125
1 0.154296875 0.43203125 0.0359375 0.0828125
1 0.221875 0.3765625 0.020703125 0.06015625
1 0.284765625 0.346875 0.0171875 0.0453125
1 0.464453125 0.35078125 0.014453125 0.05703125
1 0.62265625 0.37578125 0.02265625 0.0625
1 0.654296875 0.35078125 0.01875 0.05390625
2 0.577734375 0.3984375 0.013671875 0.03046875
0 0.786328125 0.32734375 0.1015625 0.08046875