1 0.4796875 0.57109375 0.0328125 0.1453125
1 0.9078125 0.47890625 0.0265625 0.08359375
1 0.872265625 0.4578125 0.01796875 0.06796875
1 0.47890625 0.46328125 0.023828125 0.06953125
1 0.771484375 0.47734375 0.023046875 0.0765625
1 0.2453125 0.84375 0.053125 0.2734375
1 0.24296875 0.4546875 0.023046875 0.08046875
1 0.383984375 0.47421875 0.021875 0.06796875
1 0.545703125 0.44375 0.021484375 0.07890625
1 0.666796875 0.44609375 0.021484375 0.07109375
1 0.816796875 0.446875 0.01875 0.06328125
1 0.345703125 0.45234375 0.018359375 0.06484375
1 0.701171875 0.46796875 0.019921875 0.0796875
1 0.730078125 0.45234375 0.0171875 0.0671875
1 0.708984375 0.4328125 0.019140625 0.06953125
1 0.659375 0.42265625 0.014453125 0.04921875
0 0.671484375 0.4125 0.14140625 0.08515625