1 0.44765625 0.4875 0.02421875 0.11640625
1 0.43359375 0.3984375 0.01640625 0.059375
1 0.11171875 0.39375 0.017578125 0.05703125
1 0.58203125 0.4015625 0.01640625 0.06328125
1 0.600390625 0.44453125 0.023046875 0.09140625
1 0.6140625 0.3703125 0.018359375 0.05546875
1 0.405078125 0.37421875 0.015234375 0.0546875
1 0.203125 0.403125 0.016015625 0.06640625
1 0.078515625 0.38125 0.019140625 0.0546875
1 0.191796875 0.36484375 0.0171875 0.04453125
2 0.569921875 0.428125 0.0109375 0.0265625
0 0.728515625 0.35234375 0.10703125 0.0828125