1 0.255859375 0.46484375 0.0203125 0.0765625
1 0.56328125 0.50390625 0.019140625 0.0921875
1 0.028125 0.4921875 0.019140625 0.0859375
1 0.6890625 0.4671875 0.0234375 0.06953125
1 0.403515625 0.46171875 0.01875 0.0640625
1 0.525390625 0.5546875 0.040234375 0.12109375
1 0.094140625 0.49609375 0.019140625 0.06953125
1 0.097265625 0.565625 0.0328125 0.11484375
1 0.52890625 0.4625 0.01953125 0.06953125
1 0.72578125 0.47890625 0.0265625 0.08046875
1 0.118359375 0.4515625 0.019921875 0.06796875
1 0.39140625 0.4578125 0.01875 0.07734375
1 0.6703125 0.4625 0.017578125 0.05546875
1 0.45078125 0.44453125 0.0203125 0.0671875
1 0.57421875 0.4453125 0.021484375 0.06484375
1 0.5984375 0.46953125 0.021484375 0.08671875
0 0.065234375 0.42890625 0.130078125 0.10625