1 0.4625 0.54921875 0.0265625 0.1234375
1 0.824609375 0.46875 0.02421875 0.084375
1 0.93203125 0.484375 0.02109375 0.090625
1 0.235546875 0.8171875 0.058984375 0.2609375
1 0.65390625 0.46796875 0.019921875 0.071875
1 0.5984375 0.46328125 0.02265625 0.06328125
1 0.144140625 0.625 0.0421875 0.178125
1 0.53515625 0.44453125 0.02109375 0.07578125
1 0.7765625 0.44375 0.019140625 0.0640625
1 0.377734375 0.465625 0.018359375 0.06640625
1 0.487109375 0.45703125 0.020703125 0.0703125
1 0.210546875 0.4484375 0.025390625 0.0734375
1 0.353515625 0.44453125 0.022265625 0.06484375
1 0.630078125 0.41953125 0.017578125 0.06171875
1 0.65625 0.4328125 0.020703125 0.06484375
1 0.683984375 0.45 0.016796875 0.0625
1 0.680859375 0.42890625 0.015234375 0.0671875
1 0.826953125 0.44609375 0.016015625 0.07265625
2 0.576171875 0.50625 0.012890625 0.02734375
0 0.637890625 0.40703125 0.13203125 0.08046875