1 0.4046875 0.46484375 0.01640625 0.06328125
1 0.704296875 0.4703125 0.019140625 0.0671875
1 0.565234375 0.55703125 0.051171875 0.13125
1 0.546875 0.50625 0.0203125 0.096875
1 0.13046875 0.56015625 0.034375 0.13671875
1 0.7671875 0.4828125 0.021484375 0.08515625
1 0.026953125 0.4953125 0.0203125 0.0859375
1 0.613671875 0.47890625 0.02109375 0.08203125
1 0.1203125 0.50859375 0.01875 0.09453125
1 0.492578125 0.4703125 0.020703125 0.075
1 0.24453125 0.46796875 0.019921875 0.0796875
1 0.448046875 0.45078125 0.0203125 0.0640625
1 0.10234375 0.45625 0.026953125 0.08125
1 0.59375 0.45625 0.0265625 0.08359375
1 0.374609375 0.4546875 0.0203125 0.07890625
1 0.50625 0.4515625 0.014453125 0.06171875
1 0.623046875 0.45078125 0.016796875 0.06796875
1 0.6046875 0.45078125 0.019921875 0.07109375
2 0.57890625 0.47578125 0.009765625 0.021875
0 0.05 0.4296875 0.099609375 0.10390625