1 0.22578125 0.784375 0.053125 0.23671875
1 0.452734375 0.5140625 0.028125 0.103125
1 0.846484375 0.4734375 0.023046875 0.084375
1 0.738671875 0.4640625 0.02734375 0.0828125
1 0.206640625 0.446875 0.017578125 0.06484375
1 0.14296875 0.603125 0.03984375 0.16171875
1 0.58984375 0.4640625 0.01953125 0.06953125
1 0.783984375 0.440625 0.01953125 0.0625
1 0.34921875 0.44453125 0.01875 0.075
1 0.38046875 0.45859375 0.01640625 0.0796875
1 0.48125 0.446875 0.01953125 0.065625
1 0.514453125 0.43515625 0.01640625 0.065625
1 0.548828125 0.44765625 0.014453125 0.05703125
1 0.6015625 0.4140625 0.012890625 0.05546875
1 0.625390625 0.4328125 0.01875 0.06484375
1 0.64140625 0.4375 0.0171875 0.0703125
1 0.65546875 0.425 0.016796875 0.05859375
1 0.740625 0.43515625 0.0203125 0.0640625
2 0.483203125 0.50390625 0.012109375 0.02265625
0 0.5984375 0.4 0.12421875 0.07421875