1 0.671484375 0.53046875 0.025390625 0.11953125
1 0.547265625 0.46015625 0.019921875 0.071875
1 0.490234375 0.53046875 0.0296875 0.1109375
1 0.280078125 0.45859375 0.0203125 0.075
1 0.3828125 0.45390625 0.01875 0.08359375
1 0.082421875 0.42265625 0.01875 0.059375
1 0.088671875 0.79609375 0.0703125 0.3078125
1 0.008203125 0.43359375 0.01640625 0.0625
1 0.087890625 0.42734375 0.0171875 0.0609375
1 0.622265625 0.4265625 0.01796875 0.06171875
1 0.3828125 0.42109375 0.016015625 0.0671875
0 0.7203125 0.4015625 0.109765625 0.08125