1 0.63359375 0.56015625 0.03671875 0.13828125
1 0.051171875 0.503125 0.018359375 0.08515625
1 0.357421875 0.45859375 0.02109375 0.0703125
1 0.4203125 0.46484375 0.01796875 0.06328125
1 0.01875 0.49453125 0.023046875 0.0875
1 0.184375 0.56015625 0.033984375 0.146875
1 0.703515625 0.4703125 0.0203125 0.0703125
1 0.46953125 0.46953125 0.0171875 0.06953125
1 0.559765625 0.50859375 0.021875 0.096875
1 0.78046875 0.48671875 0.019921875 0.084375
1 0.642578125 0.478125 0.01953125 0.08046875
1 0.263671875 0.4671875 0.0171875 0.08046875
1 0.4546875 0.446875 0.0203125 0.071875
1 0.683984375 0.45078125 0.0171875 0.06640625
1 0.505859375 0.45859375 0.020703125 0.0796875
1 0.135546875 0.45234375 0.01953125 0.0515625
1 0.560546875 0.45 0.01875 0.06328125
1 0.181640625 0.50390625 0.023828125 0.09609375
2 0.39140625 0.471875 0.009765625 0.021875
0 0.052734375 0.434375 0.10546875 0.103125