1 0.79921875 0.4671875 0.0328125 0.078125
1 0.97890625 0.4609375 0.019921875 0.0765625
1 0.171875 0.63046875 0.04453125 0.171875
1 0.55703125 0.48515625 0.0203125 0.0734375
1 0.4984375 0.5171875 0.028515625 0.096875
1 0.5375 0.46640625 0.019921875 0.08203125
1 0.85390625 0.50703125 0.019921875 0.0984375
1 0.855859375 0.446875 0.01953125 0.07265625
1 0.169140625 0.4375 0.01953125 0.071875
1 0.6703125 0.46484375 0.022265625 0.08828125
1 0.685546875 0.484375 0.02578125 0.09140625
1 0.227734375 0.465625 0.021484375 0.07109375
1 0.437890625 0.48046875 0.012109375 0.08828125
1 0.45234375 0.4890625 0.0203125 0.0859375
1 0.461328125 0.459375 0.01875 0.06875
2 0.60625 0.50390625 0.01640625 0.028125