1 0.57109375 0.4921875 0.021875 0.08828125
1 0.9625 0.503125 0.025 0.09375
1 0.94609375 0.44609375 0.016796875 0.0640625
1 0.85859375 0.47265625 0.018359375 0.07578125
1 0.742578125 0.45234375 0.01953125 0.06640625
1 0.766796875 0.453125 0.024609375 0.07578125
1 0.819921875 0.44140625 0.01640625 0.0578125
1 0.675 0.45234375 0.01796875 0.08046875
1 0.93671875 0.425 0.016796875 0.0453125
2 0.5921875 0.52578125 0.01328125 0.025
2 0.774609375 0.48125 0.011328125 0.021875
2 0.921875 0.45078125 0.01015625 0.01953125