1 0.748046875 0.5609375 0.034765625 0.1359375
1 0.55078125 0.553125 0.030078125 0.1265625
1 0.194140625 0.7234375 0.062109375 0.2359375
1 0.05 0.49296875 0.02578125 0.103125
1 0.097265625 0.42890625 0.020703125 0.07578125
1 0.5734375 0.46328125 0.01953125 0.08046875
1 0.387890625 0.47421875 0.01953125 0.0921875
1 0.012890625 0.60390625 0.025390625 0.1296875
1 0.042578125 0.43671875 0.01640625 0.065625
1 0.05546875 0.45625 0.02109375 0.090625
1 0.660546875 0.4296875 0.01875 0.0671875
1 0.376171875 0.4640625 0.0171875 0.0921875
2 0.505078125 0.4640625 0.014453125 0.02421875