1 0.476953125 0.51875 0.032421875 0.1
1 0.8078125 0.51171875 0.020703125 0.103125
1 0.76953125 0.44375 0.01953125 0.05859375
1 0.158203125 0.64453125 0.03828125 0.1828125
1 0.937109375 0.60703125 0.03671875 0.1703125
1 0.537109375 0.49296875 0.02578125 0.06796875
1 0.498828125 0.4703125 0.021484375 0.0765625
1 0.9515625 0.4625 0.020703125 0.07890625
1 0.431640625 0.440625 0.01953125 0.0671875
1 0.8078125 0.4515625 0.01953125 0.06328125
1 0.90390625 0.471875 0.022265625 0.071875
1 0.357421875 0.4875 0.021875 0.0875
1 0.096875 0.44453125 0.01875 0.06484375
1 0.421875 0.490625 0.018359375 0.07265625
1 0.39140625 0.43984375 0.019140625 0.0734375
1 0.613671875 0.4640625 0.0203125 0.0875
1 0.405859375 0.459375 0.017578125 0.0734375
1 0.1546875 0.47265625 0.02109375 0.0921875
1 0.6546875 0.46796875 0.016796875 0.0828125
1 0.637109375 0.4875 0.019921875 0.10625