1 0.7109375 0.565625 0.0359375 0.140625
1 0.480859375 0.465625 0.01875 0.075
1 0.708203125 0.47109375 0.01875 0.0765625
1 0.228515625 0.55703125 0.02734375 0.1265625
1 0.656640625 0.49296875 0.021875 0.08203125
1 0.581640625 0.50625 0.02265625 0.096875
1 0.406640625 0.4578125 0.016015625 0.06171875
1 0.076171875 0.49140625 0.0234375 0.090625
1 0.556640625 0.45390625 0.017578125 0.06328125
1 0.79140625 0.49140625 0.020703125 0.08828125
1 0.73203125 0.45078125 0.015625 0.0609375
1 0.38359375 0.453125 0.015625 0.065625
1 0.287890625 0.46796875 0.021484375 0.0875
1 0.26484375 0.4984375 0.0203125 0.08671875
1 0.610546875 0.4484375 0.0234375 0.0734375
1 0.189453125 0.44453125 0.020703125 0.065625
1 0.062109375 0.50078125 0.02109375 0.09921875
1 0.5203125 0.46015625 0.01484375 0.05625
0 0.065234375 0.4265625 0.130078125 0.1