1 0.38984375 0.48828125 0.03046875 0.0859375
1 0.651953125 0.58046875 0.030859375 0.1484375
1 0.853515625 0.59375 0.04609375 0.1671875
1 0.471484375 0.46796875 0.01953125 0.08203125
1 0.295703125 0.7046875 0.05078125 0.2359375
1 0.15 0.4859375 0.023828125 0.11328125
1 0.66953125 0.4703125 0.021875 0.09296875
1 0.00625 0.48515625 0.0125 0.0921875
1 0.09765625 0.44453125 0.022265625 0.08203125
1 0.519921875 0.4328125 0.020703125 0.059375
1 0.03515625 0.571875 0.0328125 0.1375
1 0.0484375 0.559375 0.03203125 0.1375
1 0.73046875 0.43984375 0.023828125 0.07890625
1 0.027734375 0.4875 0.026171875 0.115625
2 0.5140625 0.45625 0.01171875 0.01640625
0 0.884765625 0.4109375 0.144140625 0.103125