1 0.810546875 0.4734375 0.02265625 0.0859375
1 0.219140625 0.75390625 0.04921875 0.22109375
1 0.3953125 0.48984375 0.023046875 0.0890625
1 0.5765625 0.4640625 0.021484375 0.07578125
1 0.207421875 0.45078125 0.017578125 0.0625
1 0.1359375 0.58046875 0.03828125 0.15625
1 0.61953125 0.46328125 0.01953125 0.0640625
1 0.47109375 0.44296875 0.015625 0.0578125
1 0.3453125 0.44609375 0.01640625 0.0671875
1 0.721875 0.42421875 0.019921875 0.06015625
1 0.485546875 0.43515625 0.01640625 0.06875
1 0.412890625 0.47421875 0.028515625 0.09140625
1 0.663671875 0.4203125 0.02265625 0.06328125
1 0.771484375 0.425 0.022265625 0.0578125
1 0.62734375 0.434375 0.01796875 0.06328125
1 0.611328125 0.428125 0.016796875 0.06484375
1 0.567578125 0.43984375 0.015625 0.05546875
1 0.570703125 0.40703125 0.016015625 0.06015625
0 0.5640625 0.39140625 0.109765625 0.071875