1 0.75546875 0.5671875 0.034375 0.146875
1 0.063671875 0.50546875 0.02890625 0.09296875
1 0.67890625 0.49921875 0.02265625 0.0890625
1 0.623828125 0.5 0.023046875 0.096875
1 0.37421875 0.48671875 0.021484375 0.08671875
1 0.149609375 0.48203125 0.019140625 0.08671875
1 0.51796875 0.4671875 0.017578125 0.0765625
1 0.247265625 0.5484375 0.031640625 0.125
1 0.81640625 0.48984375 0.01953125 0.08671875
1 0.59453125 0.44453125 0.01484375 0.05625
1 0.3078125 0.46640625 0.01953125 0.0765625
1 0.727734375 0.46796875 0.01875 0.084375
1 0.564453125 0.45390625 0.015625 0.06015625
1 0.2359375 0.43984375 0.023046875 0.053125
1 0.416796875 0.45078125 0.0171875 0.065625
1 0.43359375 0.45 0.0234375 0.07734375
2 0.24453125 0.459375 0.009765625 0.01484375
0 0.09765625 0.41640625 0.159375 0.08515625