1 0.8984375 0.478125 0.0203125 0.0796875
1 0.987890625 0.503125 0.02421875 0.09765625
1 0.82265625 0.46015625 0.020703125 0.0734375
1 0.64140625 0.4875 0.020703125 0.090625
1 0.780859375 0.45859375 0.019140625 0.075
1 0.712890625 0.4546875 0.01796875 0.07890625
1 0.842578125 0.44453125 0.016796875 0.065625
1 0.958203125 0.43515625 0.01796875 0.06328125
2 0.65859375 0.5203125 0.01484375 0.02578125
2 0.78828125 0.48671875 0.01015625 0.021875
2 0.83203125 0.49453125 0.01171875 0.01796875
2 0.945703125 0.459375 0.0140625 0.0296875