1 0.9390625 0.63828125 0.046484375 0.184375
1 0.771484375 0.4828125 0.02109375 0.09375
1 0.301953125 0.71171875 0.06875 0.23046875
1 0.750390625 0.6078125 0.03046875 0.16640625
1 0.143359375 0.47265625 0.02265625 0.071875
1 0.565234375 0.46640625 0.0203125 0.0828125
1 0.590234375 0.4390625 0.016015625 0.05546875
1 0.426953125 0.47578125 0.018359375 0.09140625
1 0.203125 0.49140625 0.023046875 0.09296875
1 0.2671875 0.453125 0.01640625 0.06953125
1 0.098828125 0.48359375 0.019921875 0.0859375
1 0.82265625 0.44765625 0.019921875 0.06484375
1 0.08515625 0.55625 0.03046875 0.121875
1 0.066796875 0.55 0.031640625 0.1421875
1 0.18671875 0.4421875 0.01953125 0.07890625
1 0.24140625 0.43515625 0.019140625 0.06484375
2 0.58203125 0.46171875 0.008203125 0.0234375
0 0.96796875 0.41015625 0.0640625 0.1015625