1 0.72265625 0.5671875 0.0296875 0.15078125
1 0.18515625 0.48359375 0.026171875 0.071875
1 0.833984375 0.47890625 0.025390625 0.11796875
1 0.223046875 0.54609375 0.034765625 0.12890625
1 0.652734375 0.49609375 0.0265625 0.09921875
1 0.544140625 0.4625 0.019140625 0.08125
1 0.037109375 0.50859375 0.03046875 0.0984375
1 0.332421875 0.4625 0.01796875 0.0765625
1 0.2796875 0.43359375 0.0140625 0.05
1 0.674609375 0.50546875 0.026171875 0.10078125
1 0.4390625 0.478125 0.022265625 0.084375
1 0.43359375 0.4421875 0.01796875 0.07890625
1 0.466015625 0.44609375 0.0234375 0.08671875
1 0.56484375 0.42734375 0.0203125 0.06796875
1 0.611328125 0.45 0.012109375 0.07109375
1 0.73828125 0.46484375 0.03125 0.096875
1 0.62109375 0.4359375 0.018359375 0.07109375
1 0.8078125 0.4375 0.021875 0.0828125
0 0.130078125 0.41640625 0.1640625 0.09140625