1 0.904296875 0.49375 0.019140625 0.0859375
1 0.67265625 0.49609375 0.022265625 0.09296875
1 0.793359375 0.46640625 0.019921875 0.08125
1 0.71484375 0.46640625 0.01953125 0.08515625
1 0.9890625 0.5109375 0.021875 0.1
1 0.837109375 0.45703125 0.016796875 0.06875
1 0.9453125 0.44453125 0.018359375 0.06328125
1 0.76875 0.41640625 0.0171875 0.04765625
1 0.873828125 0.465625 0.02421875 0.07890625
2 0.695703125 0.52578125 0.01796875 0.02578125
2 0.81015625 0.50078125 0.01015625 0.02421875
2 0.925 0.465625 0.012890625 0.028125