1 0.2046875 0.72421875 0.05859375 0.1859375
1 0.48515625 0.58515625 0.0359375 0.1140625
1 0.875 0.5203125 0.025 0.06171875
1 0.23203125 0.553125 0.02109375 0.09375
1 0.421875 0.51875 0.0171875 0.06875
1 0.775390625 0.56328125 0.0203125 0.09453125
1 0.90234375 0.66640625 0.035546875 0.159375
1 0.205078125 0.54453125 0.019140625 0.08671875
1 0.68359375 0.53046875 0.02734375 0.0625
1 0.574609375 0.54296875 0.0265625 0.08984375
1 0.81875 0.5171875 0.021875 0.05546875
1 0.288671875 0.528125 0.02109375 0.07265625
1 0.09296875 0.53515625 0.020703125 0.0828125
1 0.5609375 0.53671875 0.021484375 0.09296875
1 0.598046875 0.503125 0.015625 0.0578125
1 0.7 0.51015625 0.020703125 0.0765625