1 0.962890625 0.6484375 0.061328125 0.19375
1 0.858203125 0.48359375 0.025 0.09609375
1 0.265234375 0.71015625 0.070703125 0.23671875
1 0.76640625 0.59375 0.033203125 0.1453125
1 0.48828125 0.4703125 0.019140625 0.0828125
1 0.2546875 0.4921875 0.02578125 0.0890625
1 0.36484375 0.45234375 0.015625 0.06015625
1 0.631640625 0.46484375 0.01796875 0.071875
1 0.126953125 0.528125 0.023046875 0.1140625
1 0.64765625 0.44140625 0.01484375 0.0484375
1 0.171875 0.540625 0.0265625 0.1375
1 0.1578125 0.484375 0.029296875 0.12109375
1 0.283203125 0.46484375 0.022265625 0.0875
1 0.30546875 0.43828125 0.017578125 0.0765625
1 0.350390625 0.43203125 0.01875 0.06796875
1 0.906640625 0.45234375 0.01875 0.0984375