1 0.211328125 0.55 0.038671875 0.1203125
1 0.026953125 0.51484375 0.022265625 0.103125
1 0.87265625 0.49296875 0.02578125 0.10234375
1 0.48046875 0.44921875 0.01640625 0.06328125
1 0.56640625 0.46328125 0.01953125 0.0796875
1 0.508203125 0.471875 0.024609375 0.08359375
1 0.745703125 0.46171875 0.01875 0.0796875
1 0.379296875 0.4609375 0.021484375 0.07890625
1 0.65859375 0.43984375 0.019921875 0.08046875
1 0.5296875 0.44609375 0.02265625 0.08671875
1 0.67578125 0.5484375 0.037109375 0.1859375
1 0.612109375 0.42421875 0.023046875 0.0796875
1 0.2171875 0.478125 0.02265625 0.0734375
1 0.335546875 0.42734375 0.019140625 0.06953125
1 0.673828125 0.44453125 0.01875 0.0859375
1 0.69453125 0.49609375 0.02421875 0.10703125
1 0.8890625 0.4421875 0.01796875 0.0734375
1 0.919140625 0.44375 0.021484375 0.06953125
2 0.336328125 0.45703125 0.0078125 0.01484375
0 0.1640625 0.41171875 0.152734375 0.090625