1 0.184765625 0.55546875 0.028125 0.1234375
1 0.581640625 0.56796875 0.0359375 0.13125
1 0.85234375 0.49296875 0.023046875 0.10390625
1 0.686328125 0.49140625 0.023828125 0.10078125
1 0.62109375 0.51328125 0.025390625 0.109375
1 0.34765625 0.4328125 0.013671875 0.04609375
1 0.223046875 0.46953125 0.02109375 0.08125
1 0.39609375 0.45859375 0.017578125 0.071875
1 0.012890625 0.51484375 0.02421875 0.11015625
1 0.74140625 0.45625 0.017578125 0.07578125
1 0.5171875 0.4703125 0.021875 0.08515625
1 0.545703125 0.4640625 0.017578125 0.07578125
1 0.48671875 0.44765625 0.01796875 0.0609375
1 0.544140625 0.4375 0.01796875 0.0734375
1 0.627734375 0.4265625 0.0234375 0.08046875
1 0.65859375 0.43125 0.01796875 0.0796875
1 0.694921875 0.44921875 0.0171875 0.08359375
1 0.915234375 0.44453125 0.020703125 0.0828125
1 0.9734375 0.440625 0.019921875 0.084375
0 0.166015625 0.41328125 0.140234375 0.09296875