1 0.30625 0.58671875 0.034765625 0.1140625
1 0.847265625 0.53671875 0.0265625 0.08984375
1 0.73828125 0.64765625 0.032421875 0.15078125
1 0.04140625 0.71484375 0.03984375 0.190625
1 0.61640625 0.55078125 0.0234375 0.09296875
1 0.230078125 0.509375 0.0171875 0.06015625
1 0.7421875 0.5046875 0.021484375 0.053125
1 0.40234375 0.5453125 0.025390625 0.071875
1 0.072265625 0.51640625 0.019140625 0.071875
1 0.706640625 0.50234375 0.023046875 0.04921875
1 0.348828125 0.48671875 0.01953125 0.06171875
1 0.544140625 0.515625 0.019921875 0.07421875
1 0.058203125 0.50390625 0.020703125 0.0796875
1 0.391796875 0.52109375 0.0265625 0.07734375
1 0.052734375 0.54765625 0.025390625 0.0875
1 0.529296875 0.50390625 0.01875 0.071875
1 0.299609375 0.5375 0.021484375 0.0875