1 0.622265625 0.55859375 0.038671875 0.1296875
1 0.959375 0.48125 0.021484375 0.090625
1 0.234765625 0.65234375 0.048828125 0.1671875
1 0.576171875 0.45703125 0.01796875 0.075
1 0.470703125 0.43828125 0.015234375 0.0578125
1 0.20390625 0.4671875 0.0171875 0.08203125
1 0.691796875 0.459375 0.016796875 0.06015625
1 0.042578125 0.52890625 0.030859375 0.09453125
1 0.430078125 0.428125 0.020703125 0.04140625
1 0.39140625 0.4453125 0.0140625 0.0546875
1 0.251171875 0.5015625 0.016796875 0.06875
1 0.2890625 0.48359375 0.0234375 0.1015625
1 0.280859375 0.50703125 0.030078125 0.12109375
1 0.007421875 0.44453125 0.01484375 0.07890625
1 0.678125 0.43125 0.020703125 0.0765625
1 0.989453125 0.45078125 0.020703125 0.10546875