1 0.4828125 0.56015625 0.029296875 0.1328125
1 0.775 0.490625 0.023828125 0.096875
1 0.633203125 0.48359375 0.024609375 0.090625
1 0.697265625 0.4515625 0.017578125 0.0671875
1 0.308203125 0.4296875 0.015625 0.0484375
1 0.11484375 0.5640625 0.042578125 0.13046875
1 0.533203125 0.50625 0.025390625 0.10625
1 0.97109375 0.49609375 0.024609375 0.09375
1 0.158203125 0.4640625 0.021875 0.09375
1 0.363671875 0.4546875 0.01875 0.08046875
1 0.444921875 0.446875 0.01484375 0.07421875
1 0.470703125 0.46875 0.0171875 0.1
1 0.48828125 0.45859375 0.020703125 0.09765625
1 0.500390625 0.4296875 0.019140625 0.08125
1 0.583984375 0.415625 0.014453125 0.071875
1 0.607421875 0.421875 0.016796875 0.07109375
1 0.658984375 0.43984375 0.021484375 0.08828125
1 0.911328125 0.44453125 0.028515625 0.07890625
1 0.95703125 0.4390625 0.01328125 0.08203125
0 0.112109375 0.4109375 0.1453125 0.08125