1 0.41328125 0.56015625 0.03671875 0.1296875
1 0.69765625 0.4796875 0.021484375 0.0859375
1 0.960546875 0.48359375 0.02734375 0.0875
1 0.8765625 0.48515625 0.02109375 0.08203125
1 0.626171875 0.44453125 0.016796875 0.05859375
1 0.464453125 0.5 0.020703125 0.103125
1 0.075 0.5640625 0.039453125 0.13203125
1 0.290234375 0.45234375 0.017578125 0.07421875
1 0.546875 0.47578125 0.02578125 0.08515625
1 0.188671875 0.428125 0.016015625 0.0453125
1 0.83125 0.44609375 0.01796875 0.05546875
1 0.393359375 0.45390625 0.020703125 0.0828125
1 0.98828125 0.46484375 0.023046875 0.08125
1 0.075390625 0.46640625 0.015625 0.0734375
1 0.4171875 0.45546875 0.01953125 0.0828125
1 0.5 0.41953125 0.0125 0.05703125
1 0.5125 0.41796875 0.022265625 0.07265625
1 0.5859375 0.4484375 0.03125 0.08203125
0 0.042578125 0.4078125 0.084765625 0.09375