1 0.195703125 0.74296875 0.058984375 0.2046875
1 0.2203125 0.49140625 0.0390625 0.090625
1 0.51875 0.50078125 0.01953125 0.10234375
1 0.612890625 0.50234375 0.023046875 0.1
1 0.5875 0.52421875 0.026171875 0.09609375
1 0.434375 0.47578125 0.018359375 0.07109375
1 0.30703125 0.47578125 0.022265625 0.09921875
1 0.8328125 0.4296875 0.0171875 0.05078125
1 0.65 0.453125 0.01796875 0.06484375
1 0.2609375 0.47265625 0.0203125 0.07734375
1 0.4515625 0.4625 0.01875 0.06171875
1 0.6296875 0.4625 0.0171875 0.07109375
1 0.7875 0.4296875 0.0171875 0.05703125
1 0.6828125 0.43515625 0.021875 0.0703125
1 0.594921875 0.415625 0.015234375 0.05390625
1 0.310546875 0.453125 0.021875 0.0734375
2 0.266015625 0.48671875 0.01015625 0.01640625
0 0.583203125 0.39765625 0.11484375 0.0703125