1 0.238671875 0.640625 0.058203125 0.16015625
1 0.955859375 0.484375 0.01875 0.08203125
1 0.4796875 0.56953125 0.02734375 0.12578125
1 0.678125 0.45625 0.016015625 0.0578125
1 0.047265625 0.515625 0.0296875 0.07890625
1 0.583203125 0.46484375 0.03046875 0.06796875
1 0.480859375 0.44296875 0.016015625 0.0515625
1 0.2671875 0.490625 0.022265625 0.09375
1 0.205078125 0.47578125 0.0296875 0.1
1 0.05859375 0.44921875 0.036328125 0.0921875
1 0.2921875 0.5109375 0.03203125 0.11015625
1 0.394140625 0.45 0.019921875 0.071875
1 0.42890625 0.43203125 0.0140625 0.08046875
1 0.452734375 0.43984375 0.022265625 0.0703125
1 0.642578125 0.43125 0.019921875 0.07109375
1 0.988671875 0.46015625 0.02265625 0.0890625
1 0.990234375 0.61796875 0.01953125 0.1890625