1 0.39609375 0.559375 0.0453125 0.1390625
1 0.034765625 0.5625 0.040625 0.140625
1 0.42734375 0.4984375 0.019140625 0.096875
1 0.485546875 0.47265625 0.01953125 0.0875
1 0.805859375 0.4734375 0.01953125 0.08203125
1 0.225390625 0.45078125 0.020703125 0.0734375
1 0.8625 0.475 0.022265625 0.078125
1 0.88203125 0.45859375 0.0203125 0.078125
1 0.33828125 0.45703125 0.019140625 0.078125
1 0.700390625 0.4453125 0.020703125 0.04921875
1 0.624609375 0.46796875 0.019140625 0.08125
1 0.577734375 0.44609375 0.01953125 0.0609375
1 0.723046875 0.4390625 0.019921875 0.059375
1 0.05703125 0.4296875 0.016796875 0.05
1 0.365234375 0.45078125 0.01875 0.0765625
1 0.440234375 0.42578125 0.017578125 0.065625
1 0.424609375 0.41328125 0.013671875 0.05625
1 0.563671875 0.43828125 0.0171875 0.06484375
1 0.006640625 0.46875 0.01328125 0.1
1 0.346875 0.4359375 0.018359375 0.07890625