1 0.617578125 0.4578125 0.019140625 0.06640625
1 0.2765625 0.4953125 0.021875 0.08359375
1 0.383203125 0.5703125 0.05234375 0.11953125
1 0.985546875 0.571875 0.02890625 0.14375
1 0.22734375 0.4859375 0.021484375 0.08359375
1 0.901953125 0.4703125 0.0203125 0.075
1 0.02734375 0.51953125 0.023828125 0.08125
1 0.308203125 0.6046875 0.05390625 0.1515625
1 0.323828125 0.5046875 0.023828125 0.08515625
1 0.3828125 0.45625 0.019140625 0.06796875
1 0.65859375 0.45390625 0.017578125 0.0625
1 0.19765625 0.47265625 0.021875 0.08359375
1 0.584375 0.4328125 0.01953125 0.07265625
1 0.065234375 0.4484375 0.018359375 0.06015625
1 0.090234375 0.446875 0.021875 0.06484375
1 0.45703125 0.43671875 0.019921875 0.0515625
1 0.47734375 0.434375 0.016796875 0.06171875
1 0.494140625 0.4390625 0.015234375 0.07734375
1 0.982421875 0.446875 0.021484375 0.0796875