1 0.50703125 0.50234375 0.022265625 0.0953125
1 0.5734375 0.5015625 0.0203125 0.09375
1 0.6015625 0.50703125 0.02265625 0.09140625
1 0.598828125 0.4203125 0.019921875 0.06171875
1 0.811328125 0.42890625 0.01953125 0.046875
1 0.647265625 0.45078125 0.009375 0.0546875
1 0.1609375 0.728125 0.05390625 0.20625
1 0.4328125 0.4734375 0.017578125 0.0671875
1 0.218359375 0.49296875 0.02421875 0.08359375
1 0.320703125 0.47421875 0.01875 0.08515625
1 0.621484375 0.4671875 0.015625 0.0671875
1 0.276953125 0.4546875 0.022265625 0.06484375
1 0.44609375 0.45546875 0.019140625 0.07109375
1 0.262890625 0.4625 0.020703125 0.0640625
1 0.67109375 0.43046875 0.016796875 0.06484375
1 0.659375 0.4484375 0.0140625 0.06796875
2 0.282421875 0.4734375 0.014453125 0.025