1 0.53828125 0.5 0.02265625 0.09375
1 0.577734375 0.49375 0.0203125 0.08515625
1 0.6546875 0.48515625 0.019921875 0.08515625
1 0.3453125 0.46875 0.019921875 0.07890625
1 0.4640625 0.46171875 0.018359375 0.06484375
1 0.6765625 0.44609375 0.01796875 0.06328125
1 0.26328125 0.47890625 0.0203125 0.07890625
1 0.648828125 0.42421875 0.01875 0.0734375
1 0.61796875 0.459375 0.0171875 0.0609375
1 0.321484375 0.44375 0.019921875 0.065625
1 0.9953125 0.45546875 0.009375 0.0734375
1 0.76640625 0.4265625 0.01640625 0.06015625
1 0.746484375 0.42421875 0.017578125 0.06328125
1 0.449609375 0.4390625 0.016015625 0.0640625
1 0.590625 0.41953125 0.014453125 0.046875
1 0.13984375 0.7203125 0.055859375 0.19921875
1 0.144921875 0.6078125 0.05 0.159375
2 0.33203125 0.4609375 0.008984375 0.01875