1 0.946875 0.5453125 0.0265625 0.11953125
1 0.438671875 0.59296875 0.046875 0.13671875
1 0.850390625 0.46171875 0.019140625 0.0734375
1 0.35234375 0.5109375 0.0234375 0.0921875
1 0.63359375 0.44921875 0.016796875 0.06015625
1 0.191015625 0.48671875 0.0296875 0.0828125
1 0.277734375 0.496875 0.023828125 0.08515625
1 0.468359375 0.54921875 0.024609375 0.09140625
1 0.005859375 0.52890625 0.01171875 0.08671875
1 0.05703125 0.45546875 0.01796875 0.0828125
1 0.096484375 0.45859375 0.03125 0.084375
1 0.348046875 0.45546875 0.021484375 0.07265625
1 0.472265625 0.4375 0.01484375 0.07421875
1 0.48984375 0.4390625 0.01640625 0.0734375
1 0.508984375 0.453125 0.01796875 0.09140625
1 0.565234375 0.43984375 0.02109375 0.0609375
1 0.958203125 0.45703125 0.02578125 0.08515625
2 0.599609375 0.4671875 0.011328125 0.0234375