1 0.040234375 0.56875 0.030859375 0.14375
1 0.43046875 0.57109375 0.051953125 0.12890625
1 0.205859375 0.45390625 0.0203125 0.07578125
1 0.537890625 0.45078125 0.019921875 0.05703125
1 0.42265625 0.48984375 0.024609375 0.08359375
1 0.848046875 0.4734375 0.024609375 0.09453125
1 0.46953125 0.471875 0.017578125 0.08828125
1 0.325390625 0.459375 0.025390625 0.07578125
1 0.364453125 0.4546875 0.0171875 0.0578125
1 0.58828125 0.4578125 0.022265625 0.08046875
1 0.344140625 0.44453125 0.023828125 0.0890625
1 0.31796875 0.4375 0.019140625 0.07421875
1 0.39375 0.42734375 0.014453125 0.07265625
1 0.416796875 0.42890625 0.026171875 0.07109375
1 0.56328125 0.45234375 0.022265625 0.08046875
1 0.627734375 0.44140625 0.02890625 0.0859375
1 0.77421875 0.46796875 0.030078125 0.1078125
1 0.8328125 0.45625 0.01953125 0.09296875