1 0.50390625 0.4609375 0.01953125 0.07421875
1 0.26796875 0.46015625 0.018359375 0.0703125
1 0.676953125 0.4984375 0.021875 0.09375
1 0.93046875 0.515625 0.02421875 0.08359375
1 0.358203125 0.45234375 0.018359375 0.06953125
1 0.16640625 0.525 0.01953125 0.0921875
1 0.57109375 0.434375 0.01953125 0.065625
1 0.404296875 0.46796875 0.0234375 0.07734375
1 0.22734375 0.46484375 0.021484375 0.0765625
1 0.712109375 0.5046875 0.01953125 0.0828125
1 0.2125 0.44609375 0.0171875 0.06484375
1 0.894140625 0.47578125 0.0203125 0.065625
1 0.8625 0.5140625 0.01953125 0.0875
1 0.8828125 0.5265625 0.019921875 0.0890625
1 0.966796875 0.50703125 0.025 0.09765625
1 0.982421875 0.50703125 0.03203125 0.1015625
2 0.13046875 0.43828125 0.01328125 0.02421875
0 0.079296875 0.4109375 0.15859375 0.096875