1 0.34765625 0.45234375 0.021875 0.0703125
1 0.25390625 0.459375 0.01796875 0.06640625
1 0.948046875 0.61640625 0.025390625 0.12109375
1 0.125390625 0.53203125 0.021484375 0.09296875
1 0.67734375 0.48984375 0.02109375 0.08828125
1 0.48984375 0.45703125 0.021484375 0.07578125
1 0.40390625 0.47109375 0.0234375 0.08046875
1 0.169140625 0.4421875 0.01875 0.06484375
1 0.9140625 0.53203125 0.03203125 0.1046875
1 0.7109375 0.50390625 0.0203125 0.08203125
1 0.2140625 0.46171875 0.02265625 0.075
1 0.561328125 0.42890625 0.0234375 0.07109375
1 0.966796875 0.5359375 0.02578125 0.08984375
1 0.90078125 0.478125 0.025 0.075
1 0.933203125 0.52890625 0.023046875 0.10859375
0 0.062890625 0.40859375 0.125390625 0.09453125