1 0.065625 0.565625 0.031640625 0.140625
1 0.487890625 0.56796875 0.051171875 0.14921875
1 0.32578125 0.46875 0.025 0.08203125
1 0.41953125 0.48515625 0.0203125 0.09140625
1 0.768359375 0.46875 0.019921875 0.08203125
1 0.5765625 0.4671875 0.02265625 0.08125
1 0.20859375 0.45546875 0.01640625 0.07890625
1 0.8484375 0.47265625 0.01953125 0.0765625
1 0.814453125 0.45625 0.019921875 0.07578125
1 0.355078125 0.4515625 0.017578125 0.05703125
1 0.309375 0.44375 0.01953125 0.07890625
1 0.4875 0.46875 0.023828125 0.07109375
1 0.53515625 0.446875 0.016796875 0.059375
1 0.378515625 0.421875 0.01328125 0.05859375
1 0.40078125 0.4296875 0.013671875 0.0625
1 0.391015625 0.4546875 0.015234375 0.06875
1 0.4796875 0.45390625 0.023828125 0.0703125
1 0.510546875 0.446875 0.016796875 0.07421875
1 0.571875 0.440625 0.016796875 0.06328125