1 0.370703125 0.51015625 0.0296875 0.08359375
1 0.891796875 0.51953125 0.02421875 0.10625
1 0.5546875 0.56015625 0.035546875 0.15546875
1 0.444140625 0.43984375 0.022265625 0.07109375
1 0.90859375 0.4578125 0.022265625 0.07734375
1 0.306640625 0.49609375 0.025 0.08125
1 0.8078125 0.45703125 0.020703125 0.0640625
1 0.572265625 0.44765625 0.02109375 0.06484375
1 0.496875 0.44296875 0.0203125 0.06875
1 0.153515625 0.49296875 0.02421875 0.08359375
1 0.521484375 0.446875 0.01875 0.07109375
1 0.075 0.4609375 0.0234375 0.07890625
1 0.325390625 0.45703125 0.0171875 0.0625
1 0.616796875 0.44609375 0.0171875 0.059375
1 0.6390625 0.4484375 0.01953125 0.06328125
2 0.64375 0.4609375 0.010546875 0.021875
0 0.9875 0.4328125 0.025 0.10234375