1 0.548828125 0.571875 0.026953125 0.1125
1 0.186328125 0.5046875 0.02890625 0.0859375
1 0.448828125 0.49453125 0.02265625 0.06484375
1 0.4875 0.51328125 0.0234375 0.0625
1 0.275390625 0.4890625 0.02265625 0.07578125
1 0.681640625 0.48671875 0.01875 0.0578125
1 0.714453125 0.49296875 0.018359375 0.06015625
1 0.25859375 0.48046875 0.01875 0.059375
1 0.73203125 0.48984375 0.019140625 0.0640625
1 0.522265625 0.4890625 0.02109375 0.059375
1 0.5421875 0.48125 0.016015625 0.06171875
1 0.666796875 0.475 0.02578125 0.07109375
0 0.8109375 0.46796875 0.169140625 0.1140625