1 0.327734375 0.4734375 0.021484375 0.08046875
1 0.373828125 0.46796875 0.01875 0.075
1 0.60234375 0.49921875 0.0234375 0.08671875
1 0.46640625 0.434375 0.01875 0.06640625
1 0.707421875 0.47421875 0.019921875 0.084375
1 0.387109375 0.4359375 0.01796875 0.0640625
1 0.509375 0.45078125 0.017578125 0.06171875
1 0.629296875 0.42890625 0.02109375 0.07578125
1 0.61171875 0.4515625 0.018359375 0.0671875
1 0.62421875 0.49140625 0.01875 0.08671875
1 0.731640625 0.42421875 0.01953125 0.05859375
1 0.433984375 0.44921875 0.018359375 0.0640625
1 0.685546875 0.44140625 0.014453125 0.08671875
1 0.7140625 0.421875 0.01640625 0.0609375
1 0.606640625 0.41484375 0.01796875 0.046875
2 0.396484375 0.45625 0.00859375 0.01640625