1 0.19296875 0.5 0.02734375 0.0859375
1 0.588671875 0.55625 0.030078125 0.09765625
1 0.30703125 0.4828125 0.019140625 0.07578125
1 0.562109375 0.5015625 0.023046875 0.078125
1 0.530078125 0.48359375 0.024609375 0.0703125
1 0.69140625 0.47890625 0.019140625 0.071875
1 0.24765625 0.4734375 0.01953125 0.059375
1 0.740234375 0.48125 0.01953125 0.06484375
1 0.54609375 0.4859375 0.01875 0.06328125
1 0.5734375 0.4765625 0.015625 0.08359375
1 0.70625 0.48359375 0.015234375 0.078125
1 0.72421875 0.484375 0.024609375 0.07578125
0 0.778515625 0.4671875 0.163671875 0.1171875