1 0.6625 0.49609375 0.025 0.096875
1 0.54453125 0.44140625 0.01875 0.05859375
1 0.395703125 0.46640625 0.023046875 0.0828125
1 0.73046875 0.4640625 0.018359375 0.0734375
1 0.711328125 0.4296875 0.02109375 0.071875
1 0.9921875 0.45078125 0.015234375 0.0734375
1 0.676953125 0.4765625 0.019140625 0.08359375
1 0.433203125 0.42890625 0.01953125 0.0703125
1 0.48046875 0.43125 0.01875 0.06953125
1 0.49296875 0.4375 0.0171875 0.06875
1 0.599609375 0.44375 0.014453125 0.05390625
1 0.61796875 0.4265625 0.01953125 0.046875
1 0.605859375 0.428125 0.01875 0.05546875
1 0.680859375 0.43359375 0.025390625 0.07578125
1 0.665234375 0.43125 0.015234375 0.06640625
0 0.644140625 0.4046875 0.127734375 0.07578125