1 0.080859375 0.56953125 0.038671875 0.14140625
1 0.521484375 0.56953125 0.03359375 0.13984375
1 0.18203125 0.45703125 0.0171875 0.07890625
1 0.4125 0.4875 0.021484375 0.0890625
1 0.753515625 0.471875 0.018359375 0.08671875
1 0.333203125 0.46953125 0.029296875 0.0796875
1 0.574609375 0.471875 0.018359375 0.0703125
1 0.820703125 0.46953125 0.019140625 0.0796875
1 0.37890625 0.4515625 0.016796875 0.0640625
1 0.500390625 0.475 0.023046875 0.06796875
1 0.28671875 0.440625 0.021484375 0.09375
1 0.358203125 0.42578125 0.02109375 0.0828125
1 0.346484375 0.45546875 0.01328125 0.0765625
1 0.42109375 0.45859375 0.024609375 0.06953125
1 0.45625 0.45546875 0.019140625 0.0734375
1 0.516015625 0.44921875 0.023828125 0.078125
1 0.56015625 0.44375 0.01875 0.0859375
1 0.80234375 0.4546875 0.023828125 0.10859375