1 0.34921875 0.490625 0.0296875 0.07578125
1 0.109765625 0.5015625 0.025390625 0.08359375
1 0.85078125 0.50390625 0.02109375 0.09609375
1 0.39765625 0.50234375 0.023046875 0.08125
1 0.630078125 0.5515625 0.03125 0.11484375
1 0.869140625 0.45859375 0.016796875 0.0515625
1 0.037109375 0.465625 0.018359375 0.06171875
1 0.306640625 0.46328125 0.01484375 0.05078125
1 0.14453125 0.48515625 0.034375 0.10078125
1 0.503515625 0.45546875 0.0171875 0.0640625
1 0.423828125 0.45078125 0.01953125 0.0546875
1 0.5296875 0.4546875 0.023046875 0.06640625
1 0.6 0.45390625 0.023046875 0.0734375
1 0.65390625 0.44765625 0.01640625 0.075
1 0.779296875 0.45390625 0.0171875 0.0890625
2 0.663671875 0.46953125 0.008984375 0.02421875
0 0.94921875 0.44375 0.1015625 0.103125