1 0.15390625 0.5109375 0.022265625 0.08828125
1 0.576171875 0.5546875 0.024609375 0.10234375
1 0.51953125 0.5046875 0.019140625 0.06484375
1 0.625 0.4953125 0.02109375 0.0640625
1 0.183984375 0.48671875 0.018359375 0.05859375
1 0.28828125 0.49375 0.020703125 0.078125
1 0.69453125 0.49609375 0.018359375 0.06796875
1 0.662109375 0.5 0.01953125 0.07265625
1 0.5640625 0.4890625 0.019921875 0.075
1 0.5453125 0.49140625 0.0171875 0.065625
1 0.5609375 0.515625 0.021484375 0.07109375
0 0.701171875 0.4796875 0.15859375 0.121875