1 0.516015625 0.55859375 0.03359375 0.14140625
1 0.0921875 0.5640625 0.03125 0.1375
1 0.475 0.490625 0.022265625 0.09375
1 0.307421875 0.45078125 0.01875 0.0734375
1 0.3265625 0.47109375 0.023828125 0.08515625
1 0.4953125 0.4546875 0.020703125 0.06640625
1 0.769921875 0.4765625 0.022265625 0.08671875
1 0.239453125 0.4484375 0.018359375 0.07109375
1 0.723828125 0.46875 0.0203125 0.07734375
1 0.349609375 0.44765625 0.019140625 0.0765625
1 0.391796875 0.4875 0.026953125 0.0875
1 0.536328125 0.44609375 0.021484375 0.0921875
1 0.550390625 0.46796875 0.020703125 0.078125
1 0.1265625 0.4625 0.019140625 0.08125
1 0.36640625 0.43046875 0.01796875 0.07578125
1 0.38984375 0.44609375 0.015234375 0.06953125
1 0.40859375 0.45234375 0.015234375 0.0828125