1 0.19453125 0.56953125 0.03125 0.096875
1 0.416796875 0.53046875 0.025 0.103125
1 0.903515625 0.5078125 0.028125 0.090625
1 0.368359375 0.4171875 0.016015625 0.0609375
1 0.605859375 0.45625 0.016796875 0.06796875
1 0.8234375 0.53359375 0.0203125 0.08515625
1 0.473046875 0.45859375 0.01796875 0.06640625
1 0.7578125 0.5328125 0.02109375 0.0921875
1 0.867578125 0.43125 0.01796875 0.05859375
1 0.641796875 0.4203125 0.017578125 0.05703125
1 0.80390625 0.44921875 0.019140625 0.0734375
1 0.954296875 0.41484375 0.015234375 0.04921875
1 0.031640625 0.540625 0.03125 0.10703125
2 0.515234375 0.52265625 0.01484375 0.03359375
0 0.266015625 0.39296875 0.134375 0.09609375