1 0.676171875 0.490625 0.020703125 0.090625
1 0.426171875 0.471875 0.03125 0.059375
1 0.3828125 0.46171875 0.019140625 0.0640625
1 0.714453125 0.47109375 0.023046875 0.071875
1 0.743359375 0.45546875 0.019140625 0.071875
1 0.661328125 0.43125 0.019921875 0.07265625
1 0.43671875 0.41953125 0.024609375 0.0703125
1 0.14609375 0.621875 0.05546875 0.184375
1 0.116796875 0.69921875 0.06171875 0.19921875
1 0.489453125 0.4296875 0.015625 0.06328125
1 0.506640625 0.434375 0.020703125 0.07734375
1 0.55234375 0.4359375 0.01640625 0.0703125
1 0.61796875 0.42109375 0.02265625 0.0640625
1 0.5921875 0.425 0.012890625 0.05859375
1 0.605078125 0.43359375 0.019921875 0.06171875
1 0.7015625 0.425 0.017578125 0.06328125
1 0.962890625 0.44609375 0.0171875 0.07265625
2 0.408203125 0.45859375 0.00859375 0.01328125