1 0.436328125 0.4984375 0.021875 0.078125
1 0.70390625 0.5375 0.0265625 0.11015625
1 0.02578125 0.571875 0.02890625 0.13515625
1 0.83828125 0.49296875 0.020703125 0.084375
1 0.405078125 0.48984375 0.02734375 0.07734375
1 0.011328125 0.47109375 0.02265625 0.0734375
1 0.506640625 0.4484375 0.019921875 0.0640625
1 0.62890625 0.45703125 0.022265625 0.078125
1 0.678515625 0.5 0.019921875 0.08203125
1 0.54765625 0.45859375 0.022265625 0.07578125
1 0.7671875 0.46015625 0.022265625 0.075
1 0.09140625 0.50234375 0.022265625 0.0890625
1 0.66015625 0.453125 0.016796875 0.065625
1 0.151953125 0.49296875 0.02265625 0.084375
1 0.304296875 0.4609375 0.020703125 0.06640625
1 0.41796875 0.4359375 0.015234375 0.06875
1 0.6765625 0.45 0.019921875 0.06328125
1 0.834765625 0.45078125 0.023828125 0.071875
2 0.662109375 0.47109375 0.0078125 0.01953125