1 0.86484375 0.490625 0.028515625 0.0796875
1 0.776953125 0.5328125 0.02265625 0.09921875
1 0.1296875 0.559375 0.037109375 0.1328125
1 0.10546875 0.503125 0.024609375 0.08828125
1 0.4703125 0.49375 0.025 0.07578125
1 0.759765625 0.45625 0.0203125 0.07265625
1 0.730859375 0.490625 0.01953125 0.06640625
1 0.435546875 0.446875 0.020703125 0.06953125
1 0.567578125 0.4609375 0.0171875 0.06015625
1 0.19140625 0.48515625 0.0203125 0.084375
1 0.488671875 0.44609375 0.022265625 0.06875
1 0.833203125 0.45859375 0.0203125 0.075
1 0.341015625 0.46484375 0.018359375 0.053125
1 0.65703125 0.45234375 0.01171875 0.05859375
1 0.008984375 0.4703125 0.01796875 0.07734375
1 0.619140625 0.45234375 0.02578125 0.05
1 0.6671875 0.44765625 0.01796875 0.0546875
0 0.92265625 0.44140625 0.1546875 0.1140625