1 0.448828125 0.490625 0.023828125 0.096875
1 0.525 0.54921875 0.034765625 0.13359375
1 0.322265625 0.46640625 0.019140625 0.08515625
1 0.270703125 0.44375 0.0171875 0.0640625
1 0.386328125 0.47578125 0.0234375 0.08671875
1 0.113671875 0.55859375 0.026171875 0.13203125
1 0.091796875 0.46328125 0.020703125 0.07578125
1 0.46875 0.446875 0.019921875 0.06875
1 0.528125 0.4578125 0.019140625 0.06875
1 0.69765625 0.45859375 0.016796875 0.071875
1 0.2203125 0.4453125 0.023046875 0.075
1 0.725390625 0.4546875 0.01875 0.07734375
1 0.346875 0.44140625 0.01484375 0.06875
1 0.326171875 0.4359375 0.014453125 0.06015625
1 0.359375 0.43203125 0.01484375 0.0640625
1 0.390625 0.4375 0.016796875 0.0640625
1 0.736328125 0.46875 0.01875 0.0921875