1 0.343359375 0.45390625 0.018359375 0.0578125
1 0.612890625 0.47890625 0.021875 0.08515625
1 0.875390625 0.43203125 0.021484375 0.071875
1 0.698046875 0.446875 0.01796875 0.06953125
1 0.669140625 0.46484375 0.01796875 0.06953125
1 0.516015625 0.43359375 0.016796875 0.05234375
1 0.329296875 0.45078125 0.01640625 0.0578125
1 0.1125 0.68046875 0.032421875 0.1796875
1 0.4203125 0.4203125 0.017578125 0.06171875
1 0.452734375 0.4296875 0.019921875 0.0578125
1 0.4828125 0.421875 0.019921875 0.05703125
1 0.566796875 0.42265625 0.01640625 0.06796875
1 0.5796875 0.41640625 0.015625 0.059375
1 0.627734375 0.41953125 0.01875 0.0703125
1 0.6671875 0.4140625 0.016796875 0.06015625
1 0.134375 0.59375 0.0453125 0.16953125
0 0.5921875 0.40390625 0.117578125 0.07890625