1 0.519921875 0.49453125 0.019921875 0.084375
1 0.85703125 0.55078125 0.02578125 0.103125
1 0.226953125 0.55703125 0.026171875 0.1171875
1 0.909375 0.48984375 0.021484375 0.08203125
1 0.17734375 0.4984375 0.02265625 0.08046875
1 0.667578125 0.446875 0.0203125 0.0671875
1 0.008984375 0.52890625 0.01796875 0.1109375
1 0.46328125 0.47734375 0.0265625 0.06796875
1 0.708203125 0.453125 0.0171875 0.0578125
1 0.869140625 0.4546875 0.021484375 0.0828125
1 0.593359375 0.453125 0.016796875 0.06015625
1 0.773828125 0.48515625 0.01796875 0.06875
1 0.445703125 0.4484375 0.01875 0.0734375
1 0.226953125 0.47734375 0.025 0.1
1 0.020703125 0.4671875 0.016015625 0.078125
1 0.4140625 0.459375 0.019921875 0.06328125
1 0.45859375 0.44140625 0.012890625 0.05703125
1 0.576171875 0.446875 0.023046875 0.0640625
1 0.769921875 0.44765625 0.020703125 0.065625
2 0.552734375 0.471875 0.009765625 0.01796875
0 0.94453125 0.43203125 0.1109375 0.0953125