1 0.93984375 0.51875 0.034765625 0.096875
1 0.655078125 0.56484375 0.038671875 0.10390625
1 0.5 0.52109375 0.024609375 0.07578125
1 0.27421875 0.44375 0.01875 0.071875
1 0.579296875 0.39296875 0.01953125 0.06015625
1 0.163671875 0.5109375 0.0265625 0.0796875
1 0.596875 0.459375 0.021484375 0.07578125
1 0.244140625 0.5046875 0.02109375 0.09609375
1 0.8515625 0.46953125 0.01953125 0.07265625
1 0.55390625 0.4859375 0.02109375 0.0765625
1 0.77109375 0.409375 0.018359375 0.065625
1 0.36484375 0.43203125 0.016796875 0.06796875
1 0.309375 0.84921875 0.042578125 0.221875
1 0.5421875 0.41640625 0.018359375 0.0640625
1 0.718359375 0.45625 0.02109375 0.06484375
1 0.415625 0.39609375 0.016015625 0.05390625
1 0.839453125 0.40234375 0.0171875 0.0546875
1 0.11171875 0.39140625 0.0203125 0.06875
1 0.65078125 0.37109375 0.013671875 0.03515625
2 0.66796875 0.5921875 0.01640625 0.03671875
0 0.057421875 0.36640625 0.11484375 0.0953125