1 0.6 0.584375 0.0296875 0.0921875
1 0.50546875 0.5296875 0.01875 0.07734375
1 0.45703125 0.54296875 0.022265625 0.078125
1 0.2703125 0.53046875 0.021484375 0.0734375
1 0.66328125 0.53515625 0.02109375 0.0703125
1 0.118359375 0.53984375 0.0234375 0.096875
1 0.00859375 0.5484375 0.016796875 0.07890625
1 0.01015625 0.6171875 0.019921875 0.16875
1 0.437890625 0.5453125 0.018359375 0.07890625
1 0.1203125 0.509375 0.021875 0.05546875
1 0.552734375 0.51640625 0.0140625 0.07578125
1 0.56640625 0.5109375 0.012109375 0.08046875
1 0.596875 0.53046875 0.01484375 0.06875
1 0.609765625 0.51328125 0.01875 0.07734375
0 0.649609375 0.50390625 0.15859375 0.1265625