1 0.151953125 0.5546875 0.03828125 0.13515625
1 0.728515625 0.46640625 0.01796875 0.08125
1 0.320703125 0.4671875 0.01875 0.078125
1 0.428125 0.49375 0.022265625 0.0953125
1 0.070703125 0.4609375 0.023046875 0.08125
1 0.6734375 0.4546875 0.01875 0.0703125
1 0.546875 0.53984375 0.03671875 0.13515625
1 0.23515625 0.4453125 0.01796875 0.0640625
1 0.509375 0.4578125 0.01953125 0.07265625
1 0.383203125 0.47421875 0.02109375 0.08359375
1 0.33515625 0.43046875 0.019140625 0.07578125
1 0.209765625 0.44453125 0.015234375 0.065625
1 0.69296875 0.45234375 0.017578125 0.071875
1 0.293359375 0.43828125 0.0171875 0.0640625
1 0.359375 0.43984375 0.021875 0.08046875
1 0.464453125 0.43984375 0.0203125 0.06484375
1 0.437109375 0.4390625 0.017578125 0.0625
1 0.381640625 0.43359375 0.013671875 0.06015625
1 0.395703125 0.43359375 0.014453125 0.06015625