1 0.523046875 0.4484375 0.0234375 0.071875
1 0.110546875 0.6328125 0.03671875 0.16484375
1 0.3234375 0.42578125 0.01953125 0.0484375
1 0.903515625 0.4015625 0.015234375 0.04453125
1 0.7828125 0.40390625 0.01953125 0.06875
1 0.384765625 0.39609375 0.016796875 0.06015625
1 0.59140625 0.43125 0.0203125 0.06015625
1 0.466796875 0.403125 0.016015625 0.0484375
1 0.6234375 0.41796875 0.017578125 0.05703125
1 0.446484375 0.396875 0.016796875 0.06171875
1 0.338671875 0.41953125 0.018359375 0.06640625
1 0.13359375 0.55703125 0.04296875 0.1421875
1 0.3984375 0.4015625 0.016015625 0.05390625
1 0.612890625 0.38828125 0.015234375 0.0546875
1 0.525390625 0.3921875 0.008984375 0.0578125
1 0.536328125 0.39375 0.015234375 0.0609375
1 0.576953125 0.39296875 0.01328125 0.05390625
1 0.58828125 0.390625 0.01484375 0.05859375
2 0.341796875 0.44140625 0.007421875 0.01328125
0 0.53984375 0.3734375 0.105078125 0.06953125