1 0.398046875 0.49375 0.02265625 0.09453125
1 0.175 0.55625 0.038671875 0.13125
1 0.359375 0.4703125 0.019921875 0.08359375
1 0.219140625 0.44453125 0.0171875 0.06328125
1 0.733984375 0.46640625 0.02109375 0.0828125
1 0.576171875 0.53828125 0.031640625 0.1296875
1 0.3140625 0.46328125 0.01953125 0.071875
1 0.061328125 0.459375 0.019140625 0.0796875
1 0.505078125 0.45703125 0.01875 0.07421875
1 0.18359375 0.44765625 0.017578125 0.06875
1 0.68125 0.44921875 0.015625 0.06640625
1 0.434765625 0.4484375 0.02265625 0.08828125
1 0.6625 0.453125 0.01796875 0.06796875
1 0.2734375 0.43828125 0.017578125 0.05859375
1 0.307421875 0.421875 0.016796875 0.06953125
1 0.395703125 0.4328125 0.023046875 0.07734375
1 0.48125 0.43125 0.01875 0.07734375