1 0.237109375 0.74453125 0.0421875 0.18359375
1 0.57578125 0.53515625 0.03125 0.08984375
1 0.68125 0.4125 0.020703125 0.059375
1 0.483984375 0.5015625 0.0234375 0.07734375
1 0.788671875 0.50859375 0.02421875 0.09375
1 0.35234375 0.4046875 0.015625 0.0546875
1 0.54921875 0.45703125 0.022265625 0.08046875
1 0.50390625 0.48515625 0.0203125 0.071875
1 0.9890625 0.54296875 0.021875 0.1046875
1 0.7203125 0.47578125 0.020703125 0.0765625
1 0.24296875 0.45234375 0.0203125 0.0765625
1 0.478515625 0.42265625 0.01875 0.065625
1 0.591796875 0.46640625 0.019921875 0.0671875
1 0.310546875 0.4390625 0.017578125 0.06953125
1 0.207421875 0.51171875 0.023046875 0.10234375
1 0.503515625 0.39453125 0.016015625 0.05078125
1 0.765625 0.40234375 0.01796875 0.05390625
1 0.013671875 0.39765625 0.024609375 0.06328125
1 0.98359375 0.434375 0.016796875 0.065625
1 0.187109375 0.5125 0.023046875 0.08203125
1 0.5625 0.3703125 0.015625 0.04140625
2 0.531640625 0.5109375 0.0140625 0.034375
0 0.021875 0.3671875 0.04375 0.09375