1 0.23671875 0.5546875 0.032421875 0.12265625
1 0.91015625 0.57109375 0.033984375 0.1265625
1 0.575390625 0.50234375 0.025 0.0859375
1 0.757421875 0.453125 0.01953125 0.0671875
1 0.971484375 0.49453125 0.023046875 0.090625
1 0.933203125 0.4546875 0.021484375 0.08359375
1 0.55859375 0.44921875 0.02109375 0.07578125
1 0.630859375 0.46484375 0.016015625 0.065625
1 0.793359375 0.48828125 0.021875 0.0734375
1 0.459765625 0.46875 0.022265625 0.078125
1 0.112890625 0.51953125 0.031640625 0.11171875
1 0.293359375 0.48203125 0.0171875 0.07890625
1 0.698046875 0.446875 0.02109375 0.0734375
1 0.27734375 0.484375 0.01953125 0.07265625
1 0.09453125 0.44609375 0.019140625 0.06640625
1 0.066015625 0.45546875 0.023828125 0.0734375
1 0.446484375 0.44375 0.015625 0.06875
1 0.806640625 0.446875 0.015234375 0.078125
0 0.98125 0.4265625 0.0375 0.08984375