1 0.98359375 0.490625 0.0296875 0.1171875
1 0.444921875 0.41796875 0.018359375 0.075
1 0.5765625 0.39140625 0.014453125 0.05078125
1 0.33671875 0.403125 0.015234375 0.05859375
1 0.842578125 0.37578125 0.016015625 0.046875
1 0.517578125 0.40859375 0.01953125 0.05703125
1 0.55625 0.371875 0.016015625 0.06015625
1 0.740234375 0.38046875 0.015234375 0.05078125
1 0.102734375 0.5875 0.0390625 0.1515625
1 0.12265625 0.515625 0.037109375 0.14296875
1 0.353515625 0.40234375 0.01953125 0.06328125
1 0.379296875 0.38046875 0.021875 0.0625
1 0.365234375 0.36875 0.0140625 0.04765625
1 0.426953125 0.36796875 0.0203125 0.06015625
1 0.446484375 0.375 0.015625 0.059375
1 0.50234375 0.3625 0.0125 0.0484375
1 0.51171875 0.37265625 0.01328125 0.0515625
1 0.5203125 0.36484375 0.0171875 0.053125
1 0.59375 0.36484375 0.012890625 0.0484375
1 0.569140625 0.36796875 0.013671875 0.05546875
2 0.3734375 0.43203125 0.01171875 0.02734375