1 0.183984375 0.56171875 0.028125 0.140625
1 0.6015625 0.54296875 0.03203125 0.13359375
1 0.356640625 0.49921875 0.023828125 0.10078125
1 0.28359375 0.4703125 0.019921875 0.07734375
1 0.016796875 0.4671875 0.019921875 0.0828125
1 0.194921875 0.45390625 0.018359375 0.0640625
1 0.500390625 0.465625 0.02421875 0.0765625
1 0.746875 0.47421875 0.022265625 0.0765625
1 0.655078125 0.459375 0.020703125 0.06484375
1 0.235546875 0.43984375 0.017578125 0.0609375
1 0.267578125 0.44140625 0.019921875 0.075
1 0.322265625 0.4703125 0.022265625 0.0890625
1 0.4421875 0.440625 0.021875 0.07734375
1 0.14921875 0.45 0.019140625 0.07421875
1 0.312890625 0.44453125 0.019921875 0.06640625
1 0.672265625 0.44765625 0.0171875 0.0734375
1 0.45 0.44296875 0.014453125 0.07109375
1 0.473828125 0.44375 0.016015625 0.065625