1 0.90703125 0.60078125 0.044140625 0.15703125
1 0.60390625 0.5078125 0.026953125 0.0921875
1 0.81953125 0.49765625 0.020703125 0.0828125
1 0.26015625 0.55625 0.0359375 0.125
1 0.383203125 0.4703125 0.020703125 0.06953125
1 0.351171875 0.47109375 0.021875 0.0671875
1 0.008203125 0.51875 0.01640625 0.10390625
1 0.85390625 0.46015625 0.01875 0.07578125
1 0.22421875 0.5078125 0.021484375 0.10234375
1 0.68828125 0.46328125 0.020703125 0.075
1 0.4890625 0.46953125 0.0171875 0.07109375
1 0.80625 0.45390625 0.021484375 0.08515625
1 0.2234375 0.4484375 0.02109375 0.05859375
1 0.177734375 0.45234375 0.019921875 0.0671875
1 0.44140625 0.440625 0.01796875 0.0515625
1 0.462890625 0.44765625 0.021484375 0.0625
1 0.514453125 0.4515625 0.0203125 0.0625
1 0.546875 0.4453125 0.01640625 0.05390625
1 0.747265625 0.440625 0.021875 0.06328125