1 0.964453125 0.4890625 0.029296875 0.12734375
1 0.4015625 0.40859375 0.018359375 0.06640625
1 0.93203125 0.47421875 0.023828125 0.11875
1 0.546484375 0.36640625 0.0125 0.0546875
1 0.308203125 0.39140625 0.018359375 0.0640625
1 0.456640625 0.4015625 0.016796875 0.06015625
1 0.123828125 0.50546875 0.029296875 0.13203125
1 0.72734375 0.37109375 0.0125 0.04921875
1 0.10859375 0.571875 0.03515625 0.146875
1 0.362890625 0.39140625 0.017578125 0.07421875
1 0.35 0.3546875 0.0125 0.04296875
1 0.374609375 0.36640625 0.0171875 0.05703125
1 0.425 0.36328125 0.01171875 0.059375
1 0.440234375 0.365625 0.016015625 0.059375
1 0.4953125 0.353125 0.011328125 0.0484375
1 0.505078125 0.36484375 0.015625 0.05859375
1 0.525 0.35859375 0.013671875 0.0546875
1 0.816796875 0.35703125 0.01640625 0.04296875
1 0.56328125 0.38203125 0.01171875 0.05078125
1 0.564453125 0.3578125 0.011328125 0.0578125
1 0.573828125 0.35078125 0.0125 0.053125
1 0.586328125 0.3546875 0.0140625 0.0515625
2 0.409375 0.43671875 0.009765625 0.01796875