1 0.97734375 0.4953125 0.028515625 0.1234375
1 0.923046875 0.5234375 0.04375 0.1421875
1 0.409375 0.41953125 0.022265625 0.07578125
1 0.28125 0.40390625 0.01875 0.06796875
1 0.454296875 0.4171875 0.018359375 0.06640625
1 0.58984375 0.39765625 0.015625 0.0578125
1 0.125 0.51328125 0.030078125 0.13046875
1 0.1078125 0.58125 0.039453125 0.14453125
1 0.843359375 0.36484375 0.016796875 0.05234375
1 0.442578125 0.365625 0.0171875 0.053125
1 0.75546875 0.3796875 0.0125 0.04921875
1 0.378125 0.403125 0.01640625 0.059375
1 0.347265625 0.3703125 0.01953125 0.06015625
1 0.390234375 0.38359375 0.0171875 0.05859375
1 0.455078125 0.375 0.016796875 0.0640625
1 0.509375 0.35546875 0.013671875 0.0578125
1 0.519921875 0.3765625 0.013671875 0.059375
1 0.549609375 0.3671875 0.01875 0.06328125
1 0.56640625 0.36875 0.018359375 0.0609375
1 0.590234375 0.3703125 0.0140625 0.05
1 0.60234375 0.3609375 0.01171875 0.05546875
1 0.6171875 0.36796875 0.01328125 0.05546875
2 0.41328125 0.453125 0.01171875 0.02421875