1 0.78359375 0.4796875 0.020703125 0.1
1 0.173046875 0.45546875 0.01796875 0.06875
1 0.19375 0.5671875 0.02421875 0.146875
1 0.319140625 0.503125 0.023828125 0.10703125
1 0.61171875 0.5421875 0.02734375 0.13671875
1 0.50703125 0.459375 0.0203125 0.084375
1 0.253125 0.4703125 0.02265625 0.08359375
1 0.125 0.45390625 0.02265625 0.0703125
1 0.283203125 0.459375 0.021484375 0.096875
1 0.644140625 0.45546875 0.010546875 0.0640625
1 0.199609375 0.43671875 0.01796875 0.06640625
1 0.24140625 0.43828125 0.018359375 0.06171875
1 0.431640625 0.44453125 0.019921875 0.0703125
1 0.47578125 0.4421875 0.016015625 0.07734375
1 0.4890625 0.44375 0.017578125 0.06953125
1 0.656640625 0.44140625 0.015234375 0.07109375