1 0.691796875 0.6453125 0.06015625 0.1875
1 0.3734375 0.4890625 0.024609375 0.09296875
1 0.791015625 0.51875 0.025 0.11171875
1 0.696875 0.45390625 0.01953125 0.0765625
1 0.533203125 0.5046875 0.032421875 0.096875
1 0.29609375 0.54375 0.03125 0.11953125
1 0.90859375 0.45546875 0.0203125 0.08046875
1 0.494921875 0.45703125 0.0203125 0.071875
1 0.11328125 0.4921875 0.02421875 0.090625
1 0.2796875 0.44296875 0.021875 0.07265625
1 0.798828125 0.44140625 0.023828125 0.0796875
1 0.344140625 0.45390625 0.022265625 0.07421875
1 0.074609375 0.4734375 0.019921875 0.0703125
1 0.314453125 0.44453125 0.024609375 0.0625
1 0.400390625 0.459375 0.019140625 0.078125
1 0.410546875 0.4375 0.012890625 0.053125
1 0.517578125 0.43515625 0.016796875 0.07109375