1 0.65703125 0.5859375 0.03125 0.115625
1 0.35546875 0.76484375 0.034765625 0.1765625
1 0.22890625 0.49453125 0.02109375 0.08515625
1 0.39609375 0.4890625 0.022265625 0.0921875
1 0.493359375 0.53046875 0.0234375 0.09765625
1 0.89609375 0.4484375 0.0234375 0.07578125
1 0.436328125 0.4390625 0.02109375 0.0546875
1 0.738671875 0.5046875 0.020703125 0.0796875
1 0.43125 0.5125 0.023828125 0.0765625
1 0.553515625 0.50546875 0.0265625 0.09296875
1 0.74296875 0.440625 0.021484375 0.06640625
1 0.875390625 0.5046875 0.022265625 0.0875
1 0.40078125 0.428125 0.01875 0.0578125
1 0.112109375 0.56953125 0.024609375 0.11796875
1 0.300390625 0.4578125 0.01875 0.0765625
1 0.532421875 0.4703125 0.023046875 0.0859375
1 0.094921875 0.56328125 0.0234375 0.10234375
1 0.547265625 0.4640625 0.020703125 0.07890625
2 0.578125 0.475 0.015625 0.034375