1 0.31171875 0.71796875 0.0515625 0.190625
1 0.671484375 0.49609375 0.01953125 0.071875
1 0.940625 0.5078125 0.021484375 0.08125
1 0.85546875 0.59296875 0.033203125 0.15078125
1 0.490625 0.52734375 0.019921875 0.08046875
1 0.390625 0.52109375 0.023046875 0.0921875
1 0.891015625 0.48515625 0.02109375 0.0703125
1 0.546875 0.4703125 0.018359375 0.06171875
1 0.288671875 0.51796875 0.023828125 0.08828125
1 0.27109375 0.49296875 0.0203125 0.0765625
1 0.57578125 0.5390625 0.021875 0.09765625
1 0.460546875 0.528125 0.03203125 0.09453125
1 0.151953125 0.484375 0.018359375 0.06796875
1 0.19296875 0.47890625 0.01796875 0.0640625
1 0.442578125 0.47578125 0.01484375 0.0546875
1 0.4671875 0.51015625 0.02109375 0.09609375
1 0.3890625 0.5 0.0234375 0.08359375
1 0.866015625 0.55390625 0.019921875 0.1234375
2 0.528125 0.48984375 0.012109375 0.02421875