1 0.63984375 0.54765625 0.05625 0.159375
1 0.975 0.50390625 0.0359375 0.12578125
1 0.233203125 0.4125 0.018359375 0.0640625
1 0.62890625 0.41171875 0.021484375 0.084375
1 0.884375 0.375 0.015625 0.05
1 0.51796875 0.3609375 0.0140625 0.0484375
1 0.3859375 0.41796875 0.014453125 0.06484375
1 0.46171875 0.378125 0.015234375 0.0578125
1 0.35390625 0.41875 0.01484375 0.05546875
1 0.340234375 0.3828125 0.0171875 0.0609375
1 0.40625 0.39453125 0.02109375 0.07109375
1 0.37265625 0.4109375 0.0140625 0.071875
1 0.480078125 0.38359375 0.019921875 0.0640625
1 0.548828125 0.3890625 0.01953125 0.05078125
1 0.586328125 0.37421875 0.0109375 0.05390625
1 0.597265625 0.37890625 0.015234375 0.06796875
1 0.65390625 0.3703125 0.016015625 0.06953125
1 0.772265625 0.38203125 0.020703125 0.06875
2 0.29453125 0.4390625 0.012109375 0.02265625