1 0.562890625 0.6375 0.0546875 0.18984375
1 0.7453125 0.52890625 0.02265625 0.10625
1 0.3984375 0.48125 0.02265625 0.08984375
1 0.66953125 0.45 0.0203125 0.071875
1 0.506640625 0.496875 0.020703125 0.096875
1 0.901953125 0.45625 0.01875 0.0828125
1 0.28671875 0.53125 0.023046875 0.11640625
1 0.337890625 0.453125 0.023046875 0.0703125
1 0.478515625 0.453125 0.019140625 0.06875
1 0.765234375 0.440625 0.021875 0.0796875
1 0.125390625 0.48125 0.026953125 0.08671875
1 0.44296875 0.42890625 0.01953125 0.071875
1 0.0828125 0.4625 0.02265625 0.08828125
1 0.791796875 0.4375 0.020703125 0.0703125
1 0.25390625 0.43671875 0.01796875 0.05859375
1 0.268359375 0.43671875 0.016015625 0.05859375
1 0.41171875 0.45078125 0.01484375 0.0640625
1 0.540234375 0.428125 0.016015625 0.05703125
1 0.460546875 0.43046875 0.01484375 0.06484375