1 0.25625 0.5765625 0.03984375 0.146875
1 0.683984375 0.55390625 0.03359375 0.1375
1 0.12734375 0.46640625 0.023046875 0.07421875
1 0.3078125 0.51171875 0.025 0.10234375
1 0.373046875 0.45078125 0.017578125 0.059375
1 0.8921875 0.4828125 0.0203125 0.090625
1 0.17265625 0.4640625 0.01875 0.06796875
1 0.54453125 0.4640625 0.021484375 0.07890625
1 0.25703125 0.4734375 0.019921875 0.08125
1 0.616796875 0.45234375 0.01875 0.0578125
1 0.42578125 0.44609375 0.018359375 0.0671875
1 0.645703125 0.45625 0.01953125 0.06328125
1 0.18359375 0.45 0.017578125 0.05859375
1 0.23359375 0.44375 0.0171875 0.06953125
1 0.312890625 0.4765625 0.025390625 0.09375
1 0.5671875 0.44921875 0.015625 0.0546875
1 0.53515625 0.44140625 0.013671875 0.0578125