1 0.61484375 0.42265625 0.02890625 0.09296875
1 0.96328125 0.51015625 0.0265625 0.12578125
1 0.57734375 0.553125 0.0328125 0.1609375
1 0.23984375 0.41796875 0.01875 0.0640625
1 0.78984375 0.39765625 0.016796875 0.053125
1 0.340234375 0.39765625 0.016015625 0.06328125
1 0.30703125 0.41796875 0.017578125 0.065625
1 0.465234375 0.39609375 0.01640625 0.0609375
1 0.386328125 0.41875 0.01796875 0.0671875
1 0.5828125 0.3796875 0.0203125 0.078125
1 0.3734375 0.4 0.015625 0.06015625
1 0.4015625 0.40859375 0.019140625 0.0859375
1 0.490234375 0.39453125 0.01953125 0.06640625
1 0.51875 0.36484375 0.016796875 0.0578125
1 0.547265625 0.3984375 0.0109375 0.05625
1 0.601171875 0.3890625 0.01484375 0.05546875
1 0.661328125 0.375 0.0125 0.0546875
1 0.679296875 0.3765625 0.012109375 0.071875
1 0.90390625 0.3828125 0.016015625 0.0484375
0 0.51875 0.3515625 0.10234375 0.07421875