1 0.294140625 0.5828125 0.031640625 0.1421875
1 0.723828125 0.55703125 0.028125 0.12734375
1 0.273828125 0.48359375 0.021875 0.08359375
1 0.187109375 0.4703125 0.019921875 0.07265625
1 0.605078125 0.45234375 0.0171875 0.0640625
1 0.009765625 0.490625 0.01953125 0.08828125
1 0.91953125 0.484375 0.01953125 0.08984375
1 0.14296875 0.4703125 0.019921875 0.075
1 0.527734375 0.46171875 0.019921875 0.0765625
1 0.389453125 0.45390625 0.01875 0.06484375
1 0.328125 0.5140625 0.020703125 0.09921875
1 0.2390625 0.4546875 0.019921875 0.06484375
1 0.35625 0.46875 0.02109375 0.06328125
1 0.328125 0.4734375 0.02265625 0.06484375
1 0.367578125 0.4484375 0.01875 0.05234375
1 0.521484375 0.45078125 0.01796875 0.05
1 0.614453125 0.45078125 0.016015625 0.06484375
1 0.19453125 0.44921875 0.020703125 0.05703125
1 0.575390625 0.4609375 0.01953125 0.04375
2 0.463671875 0.46640625 0.012890625 0.02578125