1 0.8953125 0.60859375 0.031640625 0.13203125
1 0.059765625 0.58359375 0.028515625 0.11875
1 0.922265625 0.4875 0.021875 0.08359375
1 0.204296875 0.528125 0.024609375 0.1
1 0.99140625 0.48828125 0.0171875 0.0703125
1 0.840625 0.49375 0.021484375 0.07734375
1 0.305859375 0.471875 0.02265625 0.084375
1 0.38984375 0.48828125 0.022265625 0.08984375
1 0.661328125 0.51953125 0.028125 0.0921875
1 0.865234375 0.44375 0.01953125 0.053125
1 0.685546875 0.46640625 0.02109375 0.07421875
1 0.56953125 0.47578125 0.028125 0.09453125
1 0.51484375 0.546875 0.0265625 0.10234375
1 0.0078125 0.5953125 0.015625 0.1078125
1 0.640625 0.440625 0.0234375 0.06796875
1 0.533984375 0.52578125 0.020703125 0.08671875
1 0.396875 0.4375 0.021484375 0.07265625
1 0.5765625 0.45 0.022265625 0.075
1 0.646875 0.48984375 0.02109375 0.07890625
2 0.63046875 0.46328125 0.00859375 0.021875