1 0.741796875 0.55703125 0.03046875 0.1140625
1 0.623046875 0.6171875 0.033984375 0.13359375
1 0.0171875 0.7359375 0.033984375 0.2125
1 0.287890625 0.51796875 0.020703125 0.08203125
1 0.5296875 0.48671875 0.0203125 0.0671875
1 0.45546875 0.52421875 0.01953125 0.08984375
1 0.70625 0.47734375 0.018359375 0.06484375
1 0.8078125 0.50078125 0.01875 0.08046875
1 0.37890625 0.51953125 0.01953125 0.07109375
1 0.102734375 0.5296875 0.0234375 0.1078125
1 0.360546875 0.4921875 0.020703125 0.084375
1 0.15859375 0.4734375 0.016015625 0.05859375
1 0.14453125 0.50546875 0.023046875 0.0921875
1 0.378515625 0.47421875 0.020703125 0.07109375
1 0.112890625 0.48359375 0.013671875 0.0703125
1 0.127734375 0.49921875 0.02109375 0.08515625
1 0.141015625 0.46953125 0.012109375 0.0546875
0 0.932421875 0.4734375 0.13515625 0.1375