1 0.56875 0.61171875 0.046875 0.1375
1 0.74921875 0.5546875 0.023046875 0.109375
1 0.79453125 0.4953125 0.019140625 0.0796875
1 0.140234375 0.5046875 0.023046875 0.08515625
1 0.294921875 0.50625 0.019921875 0.0859375
1 0.459375 0.5171875 0.020703125 0.084375
1 0.505078125 0.4828125 0.019921875 0.06640625
1 0.379296875 0.5046875 0.01953125 0.0828125
1 0.083203125 0.49921875 0.021875 0.0765625
1 0.193359375 0.46796875 0.01640625 0.053125
1 0.690625 0.4734375 0.01875 0.06484375
1 0.34375 0.46328125 0.018359375 0.0625
1 0.330859375 0.46015625 0.01796875 0.0625
1 0.176953125 0.4671875 0.01796875 0.05546875
1 0.376953125 0.47578125 0.019921875 0.06328125
1 0.0984375 0.47890625 0.020703125 0.07734375
2 0.320703125 0.484375 0.0078125 0.025
0 0.92578125 0.47265625 0.1484375 0.11640625