1 0.04296875 0.58671875 0.02734375 0.1203125
1 0.7390625 0.52265625 0.02421875 0.0875
1 0.9875 0.6203125 0.025 0.12421875
1 0.485546875 0.553125 0.026953125 0.10390625
1 0.93125 0.45234375 0.022265625 0.0734375
1 0.316015625 0.48125 0.021875 0.08671875
1 0.71171875 0.9 0.03984375 0.18828125
1 0.1953125 0.53984375 0.023828125 0.10546875
1 0.972265625 0.48203125 0.02734375 0.06953125
1 0.383984375 0.484375 0.020703125 0.0875
1 0.418359375 0.446875 0.02265625 0.0828125
1 0.59375 0.528125 0.0234375 0.08125
1 0.642578125 0.4796875 0.0203125 0.08046875
1 0.88125 0.48828125 0.019921875 0.08359375
1 0.75390625 0.46875 0.021875 0.0765625
1 0.678125 0.49921875 0.021484375 0.07734375
1 0.625390625 0.44375 0.018359375 0.0578125
1 0.61953125 0.453125 0.020703125 0.04921875
2 0.510546875 0.47109375 0.01640625 0.02890625