1 0.44296875 0.63515625 0.054296875 0.1640625
1 0.575 0.50234375 0.02578125 0.09375
1 0.822265625 0.521875 0.0265625 0.11484375
1 0.48359375 0.42890625 0.01796875 0.07578125
1 0.456640625 0.47421875 0.0203125 0.09453125
1 0.15859375 0.4828125 0.02578125 0.09609375
1 0.753515625 0.4484375 0.02109375 0.07421875
1 0.795703125 0.4390625 0.023046875 0.08828125
1 0.29453125 0.53515625 0.025390625 0.125
1 0.607421875 0.4359375 0.018359375 0.07265625
1 0.555078125 0.4453125 0.019140625 0.07109375
1 0.5921875 0.44453125 0.01875 0.0671875
1 0.194921875 0.44375 0.019921875 0.05859375
1 0.44375 0.42890625 0.01875 0.059375
1 0.266015625 0.4359375 0.02265625 0.08046875
1 0.505078125 0.43984375 0.018359375 0.071875
1 0.146484375 0.44765625 0.022265625 0.0734375