1 0.1484375 0.56015625 0.02734375 0.1109375
1 0.7796875 0.5375 0.030859375 0.09375
1 0.43515625 0.5609375 0.02578125 0.1078125
1 0.293359375 0.4890625 0.021484375 0.090625
1 0.622265625 0.525 0.021484375 0.078125
1 0.94765625 0.4609375 0.02421875 0.07109375
1 0.54609375 0.453125 0.021484375 0.06796875
1 0.4171875 0.4578125 0.022265625 0.075
1 0.61875 0.44765625 0.020703125 0.0640625
1 0.89296875 0.5015625 0.01953125 0.08046875
1 0.658984375 0.515625 0.023828125 0.0875
1 0.35078125 0.47578125 0.02109375 0.0890625
1 0.753515625 0.471875 0.02265625 0.0765625
1 0.00625 0.60078125 0.0125 0.11796875
1 0.66796875 0.4796875 0.021484375 0.08125
1 0.78984375 0.9265625 0.056640625 0.140625
2 0.469921875 0.45625 0.015625 0.028125