1 0.3625 0.6296875 0.05625 0.15859375
1 0.87734375 0.5375 0.025390625 0.11171875
1 0.599609375 0.5078125 0.024609375 0.10078125
1 0.81953125 0.45703125 0.019140625 0.08359375
1 0.27578125 0.4390625 0.024609375 0.0828125
1 0.5 0.478125 0.02265625 0.08828125
1 0.566796875 0.44453125 0.021875 0.08125
1 0.189453125 0.4765625 0.025390625 0.10234375
1 0.6484375 0.44140625 0.01953125 0.07109375
1 0.778515625 0.43203125 0.023828125 0.096875
1 0.446484375 0.42734375 0.02109375 0.07265625
1 0.296484375 0.5390625 0.030078125 0.14453125
1 0.19296875 0.440625 0.019140625 0.08125
1 0.4859375 0.446875 0.01796875 0.06484375
1 0.4921875 0.4265625 0.01328125 0.06796875
1 0.587890625 0.44453125 0.017578125 0.05625
1 0.62265625 0.45078125 0.01796875 0.06484375
1 0.819921875 0.43671875 0.0171875 0.0703125