1 0.819140625 0.5453125 0.02421875 0.115625
1 0.355078125 0.48984375 0.017578125 0.05546875
1 0.8875 0.48984375 0.023046875 0.08671875
1 0.435546875 0.51328125 0.02578125 0.0921875
1 0.518359375 0.465625 0.021484375 0.075
1 0.08359375 0.4890625 0.0234375 0.08515625
1 0.276171875 0.47578125 0.0140625 0.046875
1 0.206640625 0.475 0.0140625 0.05546875
1 0.24765625 0.46171875 0.016015625 0.06640625
1 0.32578125 0.4921875 0.0234375 0.09140625
1 0.309375 0.46328125 0.0171875 0.0796875
1 0.382421875 0.46953125 0.022265625 0.06796875
1 0.424609375 0.4578125 0.016015625 0.06875
1 0.56171875 0.45625 0.014453125 0.08203125
1 0.587109375 0.4609375 0.017578125 0.084375
1 0.635546875 0.46953125 0.021484375 0.09609375
1 0.463671875 0.571875 0.037109375 0.1484375