1 0.213671875 0.50234375 0.028125 0.07734375
1 0.9359375 0.57109375 0.025 0.1125
1 0.64140625 0.61875 0.03125 0.1359375
1 0.4578125 0.5125 0.021484375 0.08203125
1 0.506640625 0.51015625 0.02109375 0.06796875
1 0.105859375 0.52109375 0.026171875 0.07890625
1 0.541796875 0.4984375 0.017578125 0.06796875
1 0.88046875 0.48515625 0.018359375 0.0640625
1 0.646484375 0.521875 0.01796875 0.08046875
1 0.965234375 0.51015625 0.021875 0.08515625
1 0.25390625 0.48828125 0.019140625 0.065625
1 0.328125 0.51015625 0.020703125 0.07734375
1 0.64921875 0.48203125 0.01953125 0.0625
1 0.3828125 0.4796875 0.019140625 0.0546875
1 0.348828125 0.47578125 0.009765625 0.05859375
1 0.361328125 0.47578125 0.010546875 0.0546875