1 0.0625 0.56953125 0.027734375 0.1125
1 0.730078125 0.5453125 0.029296875 0.09609375
1 0.2546875 0.49296875 0.023046875 0.08671875
1 0.38046875 0.5640625 0.023046875 0.11015625
1 0.469140625 0.4609375 0.02421875 0.0578125
1 0.8578125 0.51328125 0.021875 0.08984375
1 0.67734375 0.47421875 0.0234375 0.07890625
1 0.62734375 0.48203125 0.02109375 0.08046875
1 0.353125 0.46015625 0.0234375 0.07890625
1 0.29453125 0.47421875 0.021875 0.08671875
1 0.582421875 0.45078125 0.0234375 0.0625
1 0.767578125 0.94140625 0.06953125 0.1109375
1 0.602734375 0.52421875 0.018359375 0.0796875
1 0.5875 0.52421875 0.01875 0.0875
1 0.984375 0.484375 0.024609375 0.0953125