1 0.871875 0.540625 0.03046875 0.10859375
1 0.21484375 0.6140625 0.0578125 0.14765625
1 0.572265625 0.5109375 0.028125 0.09609375
1 0.659375 0.4515625 0.018359375 0.06484375
1 0.300390625 0.528125 0.0296875 0.08671875
1 0.839453125 0.45234375 0.0234375 0.078125
1 0.2140625 0.4765625 0.0234375 0.07578125
1 0.2875 0.42890625 0.0171875 0.0703125
1 0.22109375 0.44453125 0.02265625 0.06953125
1 0.4671875 0.425 0.015625 0.0578125
1 0.499609375 0.4515625 0.02265625 0.08359375
1 0.530078125 0.47421875 0.01640625 0.0875
1 0.52109375 0.4203125 0.018359375 0.0671875
1 0.584765625 0.44375 0.018359375 0.07734375
1 0.59921875 0.44140625 0.02109375 0.0859375
1 0.7203125 0.43046875 0.02109375 0.07890625
1 0.7875 0.428125 0.019921875 0.0734375
1 0.828515625 0.4375 0.01640625 0.08359375