1 0.79609375 0.5296875 0.028125 0.0890625
1 0.646875 0.55234375 0.02734375 0.1
1 0.951171875 0.63046875 0.0296875 0.1265625
1 0.44765625 0.46484375 0.02578125 0.05859375
1 0.184375 0.5015625 0.023828125 0.0890625
1 0.234375 0.47890625 0.028515625 0.0875
1 0.302734375 0.5671875 0.021875 0.10703125
1 0.900390625 0.48984375 0.0234375 0.075
1 0.267578125 0.46796875 0.021875 0.0796875
1 0.540234375 0.5203125 0.021875 0.07578125
1 0.57578125 0.48359375 0.020703125 0.0703125
1 0.718359375 0.9578125 0.07734375 0.084375
1 0.6 0.47265625 0.01953125 0.07890625
1 0.70078125 0.4609375 0.0203125 0.06171875
1 0.87734375 0.48515625 0.023046875 0.0796875
1 0.54453125 0.46171875 0.01796875 0.06953125