1 0.73359375 0.525 0.021484375 0.084375
1 0.699609375 0.6203125 0.033984375 0.14140625
1 0.03984375 0.5046875 0.01875 0.071875
1 0.066015625 0.49375 0.0171875 0.0625
1 0.559765625 0.5109375 0.01796875 0.07109375
1 0.99140625 0.4890625 0.016796875 0.06875
1 0.337890625 0.49140625 0.019921875 0.0609375
1 0.287890625 0.50625 0.021484375 0.065625
1 0.428125 0.5078125 0.0203125 0.078125
1 0.625 0.49921875 0.017578125 0.0703125
1 0.01484375 0.72265625 0.029296875 0.20390625
1 0.544140625 0.515625 0.01875 0.0765625
1 0.7328125 0.48515625 0.01875 0.0640625
1 0.180078125 0.52109375 0.020703125 0.0859375
1 0.43046875 0.4765625 0.0171875 0.059375
1 0.458984375 0.4859375 0.01640625 0.0671875
1 0.444921875 0.48203125 0.015234375 0.05546875
2 0.471875 0.5 0.010546875 0.0234375