1 0.259375 0.584375 0.0453125 0.140625
1 0.902734375 0.56640625 0.03359375 0.12578125
1 0.69765625 0.45703125 0.01875 0.06953125
1 0.830859375 0.45859375 0.023828125 0.06640625
1 0.189453125 0.4859375 0.02734375 0.07578125
1 0.509375 0.4921875 0.02734375 0.0640625
1 0.229296875 0.45859375 0.01875 0.0640625
1 0.303125 0.5125 0.02578125 0.1171875
1 0.291015625 0.43359375 0.02734375 0.07578125
1 0.49296875 0.453125 0.02734375 0.09609375
1 0.516015625 0.41953125 0.021484375 0.07109375
1 0.550390625 0.46875 0.028125 0.08984375
1 0.544921875 0.41875 0.01953125 0.0546875
1 0.581640625 0.440625 0.0203125 0.065625
1 0.605078125 0.4359375 0.023046875 0.075
1 0.76171875 0.43828125 0.028125 0.07578125
1 0.798046875 0.43203125 0.02578125 0.07734375
1 0.8421875 0.43828125 0.0203125 0.08046875