1 0.845703125 0.49296875 0.02421875 0.115625
1 0.53515625 0.55859375 0.031640625 0.16015625
1 0.124609375 0.54609375 0.031640625 0.134375
1 0.36015625 0.44140625 0.017578125 0.07734375
1 0.240234375 0.42265625 0.016015625 0.0609375
1 0.208984375 0.4328125 0.02109375 0.07421875
1 0.55546875 0.3890625 0.016796875 0.06484375
1 0.4515625 0.40546875 0.0125 0.06328125
1 0.6578125 0.4015625 0.016796875 0.0671875
1 0.86796875 0.384375 0.01796875 0.06484375
1 0.57734375 0.41484375 0.016015625 0.059375
1 0.61484375 0.4203125 0.016796875 0.065625
1 0.338671875 0.40625 0.023828125 0.0765625
1 0.09609375 0.54140625 0.033203125 0.12421875
1 0.25703125 0.41875 0.019140625 0.06953125
1 0.4828125 0.40390625 0.01796875 0.07265625
1 0.521875 0.37421875 0.01484375 0.05390625
1 0.616796875 0.3828125 0.01484375 0.0484375
1 0.659375 0.38359375 0.01640625 0.0546875
1 0.4609375 0.4 0.02109375 0.06796875
2 0.23828125 0.44609375 0.01015625 0.02578125