1 0.88359375 0.62109375 0.02890625 0.12109375
1 0.58359375 0.546875 0.02265625 0.09453125
1 0.763671875 0.53125 0.024609375 0.0828125
1 0.1265625 0.50625 0.0234375 0.08984375
1 0.237109375 0.5671875 0.024609375 0.10234375
1 0.507421875 0.51875 0.02109375 0.07109375
1 0.790625 0.475 0.019921875 0.06171875
1 0.188671875 0.47734375 0.02421875 0.0921875
1 0.544921875 0.4765625 0.022265625 0.07734375
1 0.442578125 0.46328125 0.0203125 0.06171875
1 0.764453125 0.47265625 0.021875 0.07421875
1 0.565234375 0.47421875 0.025 0.0765625
1 0.701953125 0.96015625 0.08203125 0.07890625
1 0.49921875 0.4640625 0.0140625 0.05546875