1 0.223828125 0.459375 0.020703125 0.05703125
1 0.3203125 0.47734375 0.023046875 0.07109375
1 0.274609375 0.44453125 0.02109375 0.059375
1 0.878125 0.48515625 0.01953125 0.078125
1 0.53828125 0.5 0.0203125 0.07890625
1 0.10078125 0.47265625 0.02265625 0.07265625
1 0.508984375 0.5515625 0.025390625 0.11875
1 0.4390625 0.4515625 0.019140625 0.05078125
1 0.605078125 0.46875 0.016796875 0.046875
1 0.6796875 0.4546875 0.016015625 0.0578125
1 0.80234375 0.509375 0.026171875 0.06015625
1 0.374609375 0.4546875 0.0125 0.0671875
1 0.3890625 0.453125 0.017578125 0.06875
1 0.5125 0.46328125 0.02265625 0.08359375
1 0.53359375 0.4421875 0.020703125 0.07890625
1 0.5671875 0.45625 0.02734375 0.07421875
2 0.43984375 0.4734375 0.010546875 0.021875