1 0.9109375 0.5953125 0.03046875 0.14765625
1 0.72109375 0.46015625 0.0203125 0.0734375
1 0.98203125 0.5375 0.0359375 0.1265625
1 0.3234375 0.58046875 0.0359375 0.12421875
1 0.212890625 0.47734375 0.0234375 0.071875
1 0.830078125 0.4328125 0.015234375 0.04921875
1 0.78671875 0.4484375 0.023828125 0.07578125
1 0.270703125 0.49453125 0.0171875 0.06328125
1 0.75625 0.4359375 0.0140625 0.05546875
1 0.2484375 0.4546875 0.017578125 0.0984375
1 0.263671875 0.434375 0.016796875 0.06796875
1 0.301953125 0.4328125 0.020703125 0.0734375
1 0.473046875 0.48125 0.019140625 0.0828125
1 0.47734375 0.45078125 0.01953125 0.08671875
1 0.587890625 0.43359375 0.0171875 0.08515625
1 0.7984375 0.425 0.013671875 0.06328125
1 0.55703125 0.4625 0.025390625 0.078125
1 0.5625 0.41875 0.020703125 0.0734375