1 0.534375 0.546875 0.02890625 0.153125
1 0.34296875 0.4328125 0.01796875 0.0796875
1 0.599609375 0.409375 0.016796875 0.0640625
1 0.569921875 0.3984375 0.016015625 0.05703125
1 0.791015625 0.47578125 0.023828125 0.1078125
1 0.646875 0.38828125 0.0140625 0.05546875
1 0.768359375 0.39296875 0.0140625 0.05234375
1 0.11953125 0.53203125 0.03125 0.1359375
1 0.3234375 0.40078125 0.0171875 0.06484375
1 0.546484375 0.3734375 0.017578125 0.0625
1 0.427734375 0.4015625 0.013671875 0.05546875
1 0.196484375 0.42265625 0.026171875 0.090625
1 0.09296875 0.52734375 0.030078125 0.1109375
1 0.443359375 0.40625 0.011328125 0.06640625
1 0.449609375 0.3890625 0.016796875 0.0609375
1 0.508203125 0.3671875 0.021875 0.05859375
1 0.61171875 0.3671875 0.012890625 0.05390625
1 0.82890625 0.3796875 0.012109375 0.05546875
1 0.2203125 0.40859375 0.013671875 0.07734375
1 0.228515625 0.4109375 0.014453125 0.07578125
1 0.240234375 0.41015625 0.021875 0.075
2 0.21640625 0.44609375 0.012109375 0.021875