1 0.85625 0.471875 0.0328125 0.1125
1 0.829296875 0.62265625 0.054296875 0.17734375
1 0.198046875 0.45390625 0.025390625 0.1
1 0.95078125 0.40625 0.021875 0.075
1 0.7296875 0.4328125 0.02421875 0.0765625
1 0.167578125 0.4109375 0.018359375 0.07578125
1 0.341796875 0.5109375 0.043359375 0.10859375
1 0.3046875 0.40234375 0.0171875 0.0546875
1 0.656640625 0.3953125 0.01875 0.05078125
1 0.34375 0.371875 0.012890625 0.05859375
1 0.355078125 0.375 0.01484375 0.05546875
1 0.484375 0.41015625 0.020703125 0.07578125
1 0.521875 0.41640625 0.015234375 0.08671875
1 0.530078125 0.378125 0.016015625 0.06640625
1 0.550390625 0.39453125 0.0171875 0.08046875
1 0.5828125 0.35859375 0.014453125 0.0640625
1 0.601171875 0.3640625 0.01484375 0.0609375
1 0.683984375 0.384375 0.021875 0.08359375
1 0.7765625 0.37578125 0.008984375 0.065625
1 0.79375 0.37890625 0.0171875 0.06328125
2 0.308203125 0.434375 0.0125 0.02421875