1 0.866796875 0.60703125 0.0234375 0.115625
1 0.5890625 0.54375 0.027734375 0.09375
1 0.23046875 0.56484375 0.02421875 0.10078125
1 0.1703125 0.48671875 0.02265625 0.08359375
1 0.7828125 0.5109375 0.019921875 0.07890625
1 0.521484375 0.4984375 0.0234375 0.11015625
1 0.11484375 0.5078125 0.021484375 0.084375
1 0.49765625 0.47421875 0.019921875 0.06953125
1 0.448828125 0.471875 0.01953125 0.0640625
1 0.6109375 0.48125 0.021875 0.0765625
1 0.63671875 0.46484375 0.0265625 0.0671875
1 0.791015625 0.95 0.06328125 0.1
1 0.562109375 0.5140625 0.022265625 0.0796875
2 0.55234375 0.490625 0.011328125 0.02109375