1 0.5546875 0.5203125 0.02890625 0.1484375
1 0.991796875 0.4453125 0.016015625 0.10234375
1 0.330078125 0.42109375 0.019921875 0.07734375
1 0.73671875 0.46171875 0.0203125 0.1078125
1 0.75859375 0.38125 0.015234375 0.05078125
1 0.580078125 0.4 0.016796875 0.0640625
1 0.191015625 0.3984375 0.01796875 0.06171875
1 0.55625 0.3859375 0.015234375 0.05859375
1 0.40625 0.3890625 0.015234375 0.0578125
1 0.541015625 0.36328125 0.01484375 0.053125
1 0.599609375 0.35703125 0.0171875 0.06328125
1 0.23828125 0.390625 0.01796875 0.0609375
1 0.213671875 0.4109375 0.01875 0.06953125
1 0.301953125 0.3890625 0.0140625 0.05546875
1 0.428125 0.38359375 0.01796875 0.0625
1 0.623828125 0.3734375 0.010546875 0.0578125
1 0.63203125 0.3640625 0.013671875 0.0609375
1 0.80234375 0.35390625 0.010546875 0.05546875
1 0.092578125 0.5046875 0.023828125 0.125
1 0.11328125 0.51015625 0.03671875 0.13515625
1 0.19765625 0.40546875 0.01484375 0.06953125
2 0.30546875 0.44609375 0.0109375 0.02109375