1 0.159765625 0.415625 0.0234375 0.0984375
1 0.65 0.3875 0.019921875 0.075
1 0.71640625 0.40625 0.025390625 0.08515625
1 0.80859375 0.575 0.059375 0.1890625
1 0.802734375 0.3484375 0.01796875 0.059375
1 0.295703125 0.359375 0.0171875 0.059375
1 0.417578125 0.4359375 0.028125 0.0953125
1 0.124609375 0.3703125 0.016015625 0.07109375
1 0.44140625 0.35390625 0.017578125 0.06640625
1 0.991796875 0.33203125 0.01640625 0.0609375
1 0.316796875 0.31640625 0.01484375 0.0515625
1 0.340234375 0.3203125 0.016015625 0.06328125
1 0.409765625 0.34140625 0.017578125 0.0609375
1 0.46796875 0.3234375 0.0109375 0.05390625
1 0.4859375 0.3703125 0.01796875 0.07421875
1 0.483203125 0.3328125 0.012109375 0.0515625
1 0.532421875 0.3125 0.01484375 0.04296875
1 0.55546875 0.3375 0.0125 0.06484375
1 0.60625 0.334375 0.014453125 0.06484375
1 0.678515625 0.32734375 0.01171875 0.0546875
1 0.70234375 0.325 0.01328125 0.05390625
2 0.333984375 0.39296875 0.0140625 0.0234375