1 0.601171875 0.57109375 0.02734375 0.1125
1 0.16015625 0.4875 0.02890625 0.0734375
1 0.89609375 0.48125 0.025390625 0.0625
1 0.4828125 0.48671875 0.019140625 0.06171875
1 0.232421875 0.4703125 0.015625 0.05859375
1 0.280078125 0.49140625 0.024609375 0.07578125
1 0.50625 0.47109375 0.019140625 0.065625
1 0.83203125 0.509375 0.01875 0.08515625
1 0.20546875 0.471875 0.016796875 0.059375
1 0.265625 0.471875 0.018359375 0.0703125
1 0.41640625 0.4671875 0.019140625 0.06328125
1 0.55234375 0.48203125 0.02421875 0.0640625
1 0.712109375 0.4921875 0.021875 0.075
1 0.59609375 0.48828125 0.01953125 0.06953125
1 0.70234375 0.48828125 0.026953125 0.07109375
1 0.5796875 0.48671875 0.014453125 0.0890625
0 0.953125 0.46328125 0.09375 0.1203125