1 0.85625 0.4984375 0.0234375 0.06796875
1 0.693359375 0.9265625 0.05859375 0.14453125
1 0.9265625 0.5953125 0.028125 0.11328125
1 0.641015625 0.52421875 0.0328125 0.09375
1 0.234375 0.49375 0.03046875 0.07265625
1 0.035546875 0.553125 0.0234375 0.10546875
1 0.52265625 0.5015625 0.02109375 0.0671875
1 0.341015625 0.5375 0.021484375 0.084375
1 0.283203125 0.48515625 0.023046875 0.0703125
1 0.556640625 0.4625 0.021875 0.06640625
1 0.6125 0.459375 0.021875 0.0671875
1 0.3296875 0.45859375 0.02734375 0.06328125
1 0.4640625 0.4546875 0.0265625 0.06015625
1 0.59296875 0.45859375 0.01640625 0.071875
1 0.628125 0.49609375 0.02421875 0.0515625
1 0.724609375 0.46953125 0.0140625 0.078125
1 0.709375 0.46015625 0.01484375 0.0671875
2 0.466796875 0.50703125 0.016015625 0.02109375