1 0.2078125 0.49296875 0.02421875 0.07734375
1 0.08828125 0.4890625 0.02734375 0.0734375
1 0.60234375 0.54765625 0.02421875 0.09921875
1 0.64375 0.50234375 0.0265625 0.084375
1 0.7546875 0.48359375 0.02890625 0.05859375
1 0.46484375 0.49140625 0.021875 0.065625
1 0.573828125 0.47890625 0.018359375 0.0734375
1 0.49453125 0.47421875 0.020703125 0.06796875
1 0.30078125 0.4703125 0.0171875 0.0625
1 0.051953125 0.471875 0.01796875 0.06640625
1 0.688671875 0.49140625 0.02109375 0.07265625
1 0.67265625 0.49140625 0.0171875 0.07421875
1 0.13984375 0.4671875 0.016015625 0.06875
0 0.855078125 0.46484375 0.1703125 0.10859375