1 0.1125 0.47578125 0.02265625 0.0984375
1 0.898046875 0.45390625 0.022265625 0.08203125
1 0.550390625 0.4296875 0.0203125 0.065625
1 0.73203125 0.4875 0.022265625 0.1078125
1 0.5703125 0.5390625 0.02890625 0.140625
1 0.423046875 0.43515625 0.016015625 0.059375
1 0.158203125 0.45390625 0.026953125 0.10625
1 0.365625 0.428125 0.025 0.07578125
1 0.303515625 0.4171875 0.019140625 0.0640625
1 0.5171875 0.4203125 0.015625 0.05859375
1 0.388671875 0.38125 0.01875 0.05703125
1 0.5328125 0.39296875 0.01953125 0.06171875
1 0.462890625 0.4078125 0.016015625 0.05859375
1 0.5640625 0.3890625 0.0171875 0.05625
1 0.3578125 0.40703125 0.017578125 0.06640625
1 0.43515625 0.40859375 0.01796875 0.0609375
1 0.641015625 0.39375 0.015234375 0.05859375
1 0.722265625 0.3890625 0.015625 0.05625
0 0.36484375 0.3703125 0.108984375 0.06640625