1 0.8453125 0.571875 0.03359375 0.10390625
1 0.225 0.46640625 0.024609375 0.08046875
1 0.069921875 0.50703125 0.0234375 0.09453125
1 0.63515625 0.4609375 0.0234375 0.06484375
1 0.73984375 0.48046875 0.020703125 0.07109375
1 0.45859375 0.88046875 0.046484375 0.23046875
1 0.609375 0.44375 0.018359375 0.05
1 0.532421875 0.49921875 0.023046875 0.0875
1 0.71796875 0.4546875 0.022265625 0.07265625
1 0.326171875 0.47265625 0.024609375 0.06328125
1 0.25546875 0.48125 0.019921875 0.0734375
1 0.32578125 0.43828125 0.02421875 0.06484375
1 0.267578125 0.4375 0.02109375 0.0703125
1 0.55859375 0.440625 0.019140625 0.04765625
1 0.540625 0.43359375 0.01640625 0.0546875
1 0.42265625 0.465625 0.0171875 0.0671875
1 0.437890625 0.44765625 0.02265625 0.0703125
2 0.44609375 0.4984375 0.012890625 0.02421875