1 0.512890625 0.5671875 0.031640625 0.1
1 0.626953125 0.5015625 0.021875 0.0671875
1 0.00546875 0.49296875 0.0109375 0.06953125
1 0.166015625 0.49296875 0.018359375 0.06171875
1 0.079296875 0.5171875 0.025390625 0.08359375
1 0.387109375 0.496875 0.01953125 0.065625
1 0.564453125 0.51015625 0.01953125 0.075
1 0.3515625 0.51328125 0.02109375 0.05703125
1 0.55078125 0.50625 0.019140625 0.08359375
1 0.527734375 0.5203125 0.01875 0.07890625
1 0.076953125 0.49765625 0.026171875 0.0625
1 0.448046875 0.50078125 0.0125 0.0734375
1 0.43671875 0.49765625 0.014453125 0.07109375