1 0.08671875 0.47890625 0.049609375 0.14375
1 0.514453125 0.43125 0.030078125 0.109375
1 0.259375 0.33125 0.016796875 0.06171875
1 0.317578125 0.3703125 0.02578125 0.0703125
1 0.152734375 0.39453125 0.028125 0.08359375
1 0.414453125 0.3734375 0.025390625 0.08515625
1 0.37265625 0.33671875 0.015234375 0.05859375
1 0.1203125 0.3734375 0.0234375 0.08203125
1 0.451953125 0.31328125 0.015625 0.04765625
1 0.594140625 0.36640625 0.02109375 0.06953125
1 0.2109375 0.3 0.018359375 0.05859375
1 0.04609375 0.33828125 0.019140625 0.059375
1 0.29375 0.29765625 0.015234375 0.046875
1 0.5875 0.29765625 0.014453125 0.0484375
1 0.40234375 0.31171875 0.019140625 0.06328125
1 0.6 0.3546875 0.018359375 0.07578125
1 0.115625 0.3234375 0.02109375 0.06484375
0 0.622265625 0.278125 0.075390625 0.05703125