1 0.83203125 0.54375 0.033203125 0.09375
1 0.06953125 0.49375 0.022265625 0.0765625
1 0.66484375 0.46796875 0.01796875 0.06328125
1 0.703515625 0.44453125 0.022265625 0.07734375
1 0.48359375 0.4546875 0.019140625 0.053125
1 0.207421875 0.47890625 0.018359375 0.065625
1 0.851171875 0.47890625 0.025 0.07265625
1 0.25703125 0.43046875 0.01796875 0.05703125
1 0.53671875 0.45 0.018359375 0.0609375
1 0.212109375 0.43125 0.01953125 0.05625
1 0.165625 0.453125 0.01953125 0.08203125
1 0.465234375 0.853125 0.057421875 0.1796875
1 0.5125 0.425 0.01875 0.0578125
1 0.24296875 0.39609375 0.01484375 0.053125
1 0.601171875 0.42421875 0.02109375 0.05859375
1 0.327734375 0.45234375 0.0171875 0.05546875
1 0.34140625 0.43671875 0.021875 0.06328125
1 0.43984375 0.45 0.018359375 0.0515625
1 0.441015625 0.48125 0.019921875 0.07421875