1 0.051171875 0.53359375 0.026953125 0.11875
1 0.895703125 0.48359375 0.02265625 0.09296875
1 0.247265625 0.453125 0.02109375 0.0703125
1 0.5640625 0.57421875 0.030078125 0.15390625
1 0.741015625 0.5203125 0.02265625 0.11640625
1 0.551171875 0.45078125 0.021875 0.0671875
1 0.0890625 0.50078125 0.030078125 0.1109375
1 0.4046875 0.45625 0.020703125 0.08828125
1 0.337890625 0.46484375 0.02265625 0.07890625
1 0.31796875 0.44296875 0.021484375 0.0859375
1 0.0859375 0.475 0.030078125 0.0875
1 0.605859375 0.43359375 0.021875 0.071875
1 0.711328125 0.42421875 0.024609375 0.04765625
1 0.328515625 0.41171875 0.011328125 0.04609375
1 0.422265625 0.43203125 0.021875 0.071875
1 0.521484375 0.44609375 0.016015625 0.0703125
1 0.5046875 0.43359375 0.0140625 0.04765625
1 0.516015625 0.42734375 0.015234375 0.05859375
2 0.5046875 0.45234375 0.00703125 0.0140625