1 0.821875 0.615625 0.028515625 0.0984375
1 0.02421875 0.7015625 0.048046875 0.13359375
1 0.871484375 0.56328125 0.0203125 0.06953125
1 0.265625 0.55234375 0.019140625 0.07578125
1 0.836328125 0.553125 0.021875 0.08203125
1 0.909765625 0.5421875 0.02109375 0.0703125
1 0.43515625 0.5328125 0.018359375 0.0609375
1 0.72578125 0.5453125 0.019140625 0.071875
1 0.1046875 0.5734375 0.019140625 0.0640625
1 0.6984375 0.54375 0.01796875 0.0625
1 0.798046875 0.571875 0.01875 0.07734375
1 0.098046875 0.74375 0.035546875 0.1765625
1 0.289453125 0.534375 0.01875 0.0625
1 0.640234375 0.55546875 0.01796875 0.059375
1 0.16875 0.53515625 0.01953125 0.06484375
1 0.66328125 0.540625 0.01953125 0.0609375
1 0.375 0.55625 0.022265625 0.0765625
1 0.358203125 0.54140625 0.018359375 0.078125
0 0.9546875 0.52578125 0.090234375 0.12734375