1 0.810546875 0.49921875 0.026171875 0.07109375
1 0.612890625 0.44140625 0.0234375 0.0609375
1 0.12265625 0.45625 0.021484375 0.07109375
1 0.476953125 0.42578125 0.01953125 0.0609375
1 0.77578125 0.4390625 0.023046875 0.0578125
1 0.66484375 0.77109375 0.05078125 0.1734375
1 0.35078125 0.41640625 0.016796875 0.05859375
1 0.216015625 0.44375 0.01796875 0.0640625
1 0.16875 0.4203125 0.019140625 0.075
1 0.566015625 0.3890625 0.0171875 0.0640625
1 0.434765625 0.4296875 0.01953125 0.06328125
1 0.3875 0.4421875 0.0203125 0.06796875
1 0.268359375 0.41171875 0.017578125 0.05625
1 0.692578125 0.40625 0.016015625 0.06171875
1 0.0453125 0.49765625 0.023046875 0.08828125
1 0.2375 0.39375 0.016796875 0.06015625
1 0.445703125 0.41484375 0.01484375 0.0578125
1 0.608203125 0.3921875 0.01640625 0.04921875
1 0.222265625 0.3953125 0.016796875 0.05703125
1 0.4859375 0.38671875 0.01484375 0.04375
1 0.0421875 0.46171875 0.01953125 0.05546875