1 0.11484375 0.590625 0.020703125 0.08359375
1 0.5015625 0.57734375 0.018359375 0.0734375
1 0.6578125 0.55703125 0.01875 0.06328125
1 0.895703125 0.58203125 0.01796875 0.05703125
1 0.397265625 0.559375 0.017578125 0.06171875
1 0.59609375 0.5703125 0.01953125 0.07734375
1 0.5203125 0.55625 0.016796875 0.06484375
1 0.37890625 0.7453125 0.040234375 0.1671875
1 0.987890625 0.5671875 0.0203125 0.07265625
1 0.613671875 0.578125 0.022265625 0.08359375
1 0.401953125 0.68984375 0.027734375 0.15234375
1 0.146484375 0.57421875 0.021875 0.075
1 0.353515625 0.59453125 0.01953125 0.06171875
1 0.928515625 0.5609375 0.021484375 0.075
1 0.17421875 0.57578125 0.02265625 0.0875
1 0.91484375 0.5546875 0.017578125 0.078125