1 0.053125 0.55 0.03046875 0.13359375
1 0.895703125 0.484375 0.023828125 0.09296875
1 0.571875 0.57890625 0.031640625 0.153125
1 0.7671875 0.5234375 0.025390625 0.11796875
1 0.081640625 0.51875 0.02421875 0.11015625
1 0.5203125 0.44453125 0.018359375 0.06640625
1 0.673046875 0.42109375 0.02265625 0.0625
1 0.579296875 0.4484375 0.019140625 0.071875
1 0.403515625 0.46484375 0.01796875 0.071875
1 0.22890625 0.46015625 0.022265625 0.0765625
1 0.334375 0.47265625 0.01953125 0.08671875
1 0.29921875 0.45234375 0.019921875 0.07578125
1 0.058984375 0.48671875 0.030078125 0.09609375
1 0.281640625 0.4265625 0.0171875 0.053125
1 0.34921875 0.4546875 0.021484375 0.0796875
1 0.378515625 0.43671875 0.015234375 0.0734375
1 0.399609375 0.42890625 0.013671875 0.0625
1 0.4625 0.4453125 0.01875 0.04921875
1 0.45390625 0.43515625 0.016015625 0.0625
1 0.572265625 0.428125 0.015234375 0.06015625
2 0.4421875 0.4640625 0.008984375 0.0203125