1 0.286328125 0.4703125 0.04453125 0.1234375
1 0.530859375 0.425 0.03046875 0.11171875
1 0.461328125 0.37421875 0.025 0.08203125
1 0.26875 0.33359375 0.01484375 0.05546875
1 0.64140625 0.35546875 0.0203125 0.075
1 0.599609375 0.3703125 0.019140625 0.065625
1 0.379296875 0.39375 0.02421875 0.071875
1 0.40703125 0.3390625 0.01640625 0.059375
1 0.49296875 0.3140625 0.015234375 0.053125
1 0.216015625 0.3015625 0.016015625 0.05625
1 0.140234375 0.42265625 0.0421875 0.11875
1 0.42578125 0.3140625 0.013671875 0.05234375
1 0.1265625 0.38515625 0.03828125 0.084375
1 0.03984375 0.34453125 0.0296875 0.07421875
1 0.098046875 0.32109375 0.025390625 0.05390625
1 0.290625 0.296875 0.016796875 0.0375
1 0.58671875 0.29453125 0.012890625 0.04765625
2 0.519921875 0.45546875 0.01328125 0.0265625
0 0.6125 0.28046875 0.075 0.0640625