1 0.101171875 0.55234375 0.0328125 0.13046875
1 0.590234375 0.56796875 0.029296875 0.14765625
1 0.7828125 0.5234375 0.02578125 0.11953125
1 0.353515625 0.4734375 0.0234375 0.0875
1 0.073828125 0.49296875 0.02109375 0.09296875
1 0.88125 0.48046875 0.022265625 0.08671875
1 0.5953125 0.44921875 0.016796875 0.06484375
1 0.421875 0.4484375 0.015234375 0.059375
1 0.2359375 0.45703125 0.01875 0.07265625
1 0.521875 0.440625 0.0171875 0.07421875
1 0.11953125 0.52109375 0.021484375 0.10703125
1 0.301171875 0.45078125 0.01875 0.06953125
1 0.61484375 0.4265625 0.02109375 0.0671875
1 0.396484375 0.4640625 0.01953125 0.06328125
1 0.2515625 0.42890625 0.021875 0.05078125
1 0.36875 0.4265625 0.019140625 0.0484375
1 0.562109375 0.4359375 0.019921875 0.07265625
1 0.38828125 0.4421875 0.01640625 0.06875
1 0.35703125 0.4484375 0.018359375 0.05625
0 0.227734375 0.40703125 0.142578125 0.0921875