1 0.19453125 0.58203125 0.019921875 0.0765625
1 0.296484375 0.58359375 0.029296875 0.0765625
1 0.583984375 0.68828125 0.0296875 0.1390625
1 0.506640625 0.7421875 0.038671875 0.15859375
1 0.735546875 0.56796875 0.018359375 0.065625
1 0.601171875 0.58359375 0.02109375 0.084375
1 0.224609375 0.60390625 0.021484375 0.08515625
1 0.481640625 0.5703125 0.017578125 0.0609375
1 0.7015625 0.5953125 0.021484375 0.0796875
1 0.680078125 0.57890625 0.0203125 0.08515625
1 0.0234375 0.56328125 0.02109375 0.06640625
1 0.45234375 0.6046875 0.01640625 0.07109375
1 0.591796875 0.5625 0.009765625 0.07265625