1 0.339453125 0.4703125 0.03828125 0.1265625
1 0.43046875 0.34453125 0.01953125 0.06171875
1 0.490234375 0.3734375 0.021875 0.084375
1 0.5359375 0.42734375 0.032421875 0.1015625
1 0.660546875 0.35390625 0.01875 0.075
1 0.06953125 0.49453125 0.0453125 0.1328125
1 0.604296875 0.3859375 0.023046875 0.0828125
1 0.2890625 0.33671875 0.01796875 0.06171875
1 0.128125 0.334375 0.016796875 0.05546875
1 0.134375 0.39921875 0.033984375 0.09296875
1 0.41328125 0.41796875 0.02421875 0.09453125
1 0.08203125 0.340625 0.01875 0.0625
1 0.53671875 0.3203125 0.01484375 0.0484375
1 0.60625 0.2953125 0.016796875 0.05625
1 0.45703125 0.31796875 0.014453125 0.05234375
1 0.254296875 0.29921875 0.016015625 0.05625
1 0.309375 0.2953125 0.01484375 0.0453125
0 0.631640625 0.27578125 0.071875 0.059375