1 0.68359375 0.63359375 0.0453125 0.12421875
1 0.599609375 0.36328125 0.021875 0.05546875
1 0.77109375 0.4296875 0.019140625 0.065625
1 0.17421875 0.38828125 0.018359375 0.06640625
1 0.140234375 0.434375 0.020703125 0.065625
1 0.72890625 0.35390625 0.02421875 0.05234375
1 0.57109375 0.328125 0.015234375 0.0390625
1 0.373828125 0.35859375 0.01953125 0.059375
1 0.405859375 0.3515625 0.01640625 0.053125
1 0.19140625 0.35234375 0.016015625 0.06015625
1 0.655859375 0.340625 0.016015625 0.0546875
1 0.115234375 0.409375 0.01875 0.0671875
1 0.25859375 0.32890625 0.014453125 0.05078125
1 0.4609375 0.353125 0.016796875 0.05546875
1 0.241015625 0.36875 0.01796875 0.0625
1 0.42578125 0.3453125 0.01484375 0.05234375
1 0.4640625 0.3125 0.012890625 0.0375
1 0.608984375 0.32265625 0.01484375 0.0421875
1 0.2375 0.340625 0.010546875 0.034375
1 0.24609375 0.3234375 0.012109375 0.04375
2 0.483203125 0.50703125 0.017578125 0.04140625