1 0.32421875 0.47109375 0.032421875 0.14609375
1 0.140234375 0.40078125 0.03671875 0.103125
1 0.54453125 0.44609375 0.04453125 0.1109375
1 0.683984375 0.3515625 0.02265625 0.07421875
1 0.585546875 0.39921875 0.028125 0.09609375
1 0.021875 0.38984375 0.023828125 0.0890625
1 0.578125 0.3234375 0.016015625 0.05390625
1 0.50546875 0.36953125 0.023046875 0.08359375
1 0.321875 0.33125 0.016796875 0.0609375
1 0.451953125 0.390625 0.023046875 0.08359375
1 0.15546875 0.33828125 0.017578125 0.05859375
1 0.498828125 0.31875 0.01640625 0.05078125
1 0.191796875 0.33203125 0.01484375 0.05390625
1 0.30703125 0.29375 0.013671875 0.04609375
1 0.343359375 0.2921875 0.016015625 0.04296875
1 0.451171875 0.340625 0.02109375 0.059375
1 0.64453125 0.2984375 0.01171875 0.053125
2 0.498046875 0.4078125 0.0125 0.01484375
0 0.677734375 0.2734375 0.078515625 0.0546875