1 0.279296875 0.60859375 0.021484375 0.08828125
1 0.5828125 0.73984375 0.0421875 0.1609375
1 0.64609375 0.5890625 0.0203125 0.0828125
1 0.703515625 0.6890625 0.02578125 0.1234375
1 0.349609375 0.5890625 0.0234375 0.0765625
1 0.758984375 0.57265625 0.01953125 0.06953125
1 0.197265625 0.59296875 0.01875 0.07421875
1 0.7046875 0.584375 0.019921875 0.084375
1 0.507421875 0.57578125 0.0171875 0.06015625
1 0.489453125 0.6078125 0.018359375 0.0625
1 0.605078125 0.565625 0.018359375 0.07421875
1 0.72578125 0.5953125 0.021875 0.0875