1 0.60234375 0.553125 0.027734375 0.13828125
1 0.1 0.4890625 0.0203125 0.084375
1 0.16171875 0.5453125 0.03125 0.1328125
1 0.78515625 0.51015625 0.0234375 0.10703125
1 0.230859375 0.45 0.0171875 0.06796875
1 0.838671875 0.47265625 0.0203125 0.0828125
1 0.37421875 0.47109375 0.023828125 0.08515625
1 0.341796875 0.42890625 0.01953125 0.07421875
1 0.558203125 0.428125 0.019921875 0.08359375
1 0.5921875 0.4421875 0.01640625 0.0671875
1 0.522265625 0.43671875 0.018359375 0.06484375
1 0.29453125 0.446875 0.0171875 0.0578125
1 0.277734375 0.42578125 0.015625 0.04375
1 0.358984375 0.44375 0.013671875 0.06875
1 0.371875 0.42890625 0.01640625 0.0609375
1 0.387890625 0.45625 0.0109375 0.06796875
1 0.39921875 0.42734375 0.012890625 0.0625
1 0.411328125 0.44375 0.01875 0.07265625
1 0.575390625 0.42578125 0.015625 0.05859375
1 0.170703125 0.51796875 0.025 0.1140625
2 0.32890625 0.43359375 0.005859375 0.01328125