1 0.654296875 0.7265625 0.03203125 0.15390625
1 0.52421875 0.5921875 0.0234375 0.0890625
1 0.81171875 0.67265625 0.030859375 0.11796875
1 0.68046875 0.59375 0.018359375 0.08359375
1 0.340234375 0.6078125 0.0234375 0.0890625
1 0.608203125 0.56796875 0.0203125 0.07578125
1 0.2171875 0.59765625 0.0171875 0.071875
1 0.775390625 0.5734375 0.01875 0.0640625
1 0.3875 0.5890625 0.02265625 0.0796875
1 0.103125 0.56875 0.01953125 0.0609375
1 0.71328125 0.5859375 0.01875 0.08203125
1 0.742578125 0.61015625 0.0203125 0.07109375
1 0.525 0.5703125 0.021484375 0.0703125