1 0.743359375 0.3546875 0.01796875 0.078125
1 0.515234375 0.49609375 0.03984375 0.153125
1 0.326953125 0.45625 0.0359375 0.12421875
1 0.616015625 0.328125 0.015625 0.05546875
1 0.546875 0.36484375 0.0203125 0.07734375
1 0.48515625 0.3625 0.020703125 0.08828125
1 0.576953125 0.4109375 0.019921875 0.09921875
1 0.180078125 0.378125 0.02421875 0.0921875
1 0.3671875 0.3203125 0.0171875 0.0546875
1 0.092578125 0.38125 0.02734375 0.0875
1 0.2203125 0.3375 0.016796875 0.065625
1 0.269921875 0.33125 0.015625 0.053125
1 0.541015625 0.32578125 0.016015625 0.06015625
1 0.69296875 0.29765625 0.01875 0.05859375
1 0.3578125 0.29609375 0.01171875 0.040625
1 0.38515625 0.29375 0.016015625 0.04296875
1 0.485546875 0.33515625 0.019140625 0.0546875
0 0.7359375 0.28125 0.08671875 0.0625