1 0.443359375 0.50703125 0.030078125 0.10546875
1 0.6609375 0.28671875 0.015625 0.04296875
1 0.12578125 0.41640625 0.023828125 0.07578125
1 0.640625 0.3953125 0.01875 0.06953125
1 0.343359375 0.303125 0.01640625 0.053125
1 0.289453125 0.29140625 0.015625 0.05078125
1 0.15390625 0.3640625 0.026171875 0.0765625
1 0.445703125 0.29609375 0.015234375 0.0546875
1 0.883984375 0.27578125 0.0171875 0.0453125
1 0.181640625 0.29765625 0.01640625 0.0515625
1 0.259375 0.31640625 0.017578125 0.0578125
1 0.5640625 0.27109375 0.016015625 0.05546875
1 0.32421875 0.3 0.018359375 0.05546875
1 0.19296875 0.271875 0.01328125 0.04453125
1 0.144140625 0.30234375 0.017578125 0.05546875
1 0.5765625 0.29921875 0.01640625 0.0609375
1 0.38046875 0.290625 0.015625 0.0484375
1 0.2328125 0.2703125 0.01328125 0.04453125
1 0.386328125 0.2625 0.016015625 0.03984375
1 0.5796875 0.275 0.01640625 0.04609375
1 0.144140625 0.3546875 0.023046875 0.0734375
2 0.5078125 0.54375 0.017578125 0.03125
0 0.907421875 0.25703125 0.102734375 0.08515625