1 0.7828125 0.50078125 0.023828125 0.10078125
1 0.209765625 0.53984375 0.034375 0.13046875
1 0.633984375 0.53828125 0.03671875 0.1296875
1 0.80390625 0.465625 0.0203125 0.08046875
1 0.105078125 0.48671875 0.023046875 0.08671875
1 0.274609375 0.440625 0.0203125 0.06875
1 0.204296875 0.44609375 0.019140625 0.059375
1 0.390625 0.46640625 0.0203125 0.07578125
1 0.513671875 0.43515625 0.01796875 0.06171875
1 0.3640625 0.44140625 0.01796875 0.07421875
1 0.55546875 0.428125 0.020703125 0.0734375
1 0.3359375 0.434375 0.015625 0.08046875
1 0.273046875 0.41171875 0.010546875 0.05
1 0.2140625 0.50703125 0.028125 0.11328125
1 0.4 0.4421875 0.010546875 0.05859375
1 0.56796875 0.4203125 0.019140625 0.0671875
1 0.584375 0.43828125 0.01875 0.06953125
0 0.198828125 0.4046875 0.130859375 0.08359375