1 0.821484375 0.3640625 0.019921875 0.07890625
1 0.418359375 0.559375 0.067578125 0.1765625
1 0.02265625 0.4828125 0.041796875 0.12890625
1 0.5953125 0.41953125 0.028515625 0.10546875
1 0.63046875 0.37265625 0.02109375 0.0890625
1 0.312109375 0.4390625 0.037109375 0.1109375
1 0.5796875 0.33359375 0.016015625 0.0546875
1 0.040625 0.33359375 0.019921875 0.05546875
1 0.495703125 0.3515625 0.0234375 0.0765625
1 0.15859375 0.3828125 0.02578125 0.0859375
1 0.66328125 0.3296875 0.015234375 0.05703125
1 0.28046875 0.334375 0.015234375 0.0640625
1 0.241015625 0.36328125 0.02265625 0.0765625
1 0.409375 0.31796875 0.01484375 0.05
1 0.36484375 0.32734375 0.0234375 0.06953125
1 0.426953125 0.29609375 0.018359375 0.04765625
1 0.74609375 0.29921875 0.0171875 0.05078125
2 0.483203125 0.35859375 0.012109375 0.025
0 0.8140625 0.28515625 0.09296875 0.0734375