1 0.505859375 0.47890625 0.025 0.10546875
1 0.09765625 0.3859375 0.022265625 0.08203125
1 0.1140625 0.47421875 0.02734375 0.09296875
1 0.627734375 0.4125 0.021484375 0.06953125
1 0.145703125 0.39921875 0.0234375 0.0828125
1 0.092578125 0.3140625 0.01953125 0.0625
1 0.6515625 0.29140625 0.015625 0.046875
1 0.4484375 0.3 0.014453125 0.0515625
1 0.567578125 0.30546875 0.017578125 0.0625
1 0.225 0.3 0.015625 0.05390625
1 0.265234375 0.3296875 0.019140625 0.06171875
1 0.16015625 0.31015625 0.01640625 0.0515625
1 0.333984375 0.3171875 0.0171875 0.05703125
1 0.82265625 0.27109375 0.01640625 0.04140625
1 0.1421875 0.27578125 0.01484375 0.04453125
1 0.18984375 0.26953125 0.01328125 0.040625
1 0.3265625 0.30234375 0.017578125 0.05703125
1 0.37421875 0.3078125 0.013671875 0.0484375
1 0.345703125 0.2609375 0.016796875 0.03828125
1 0.54921875 0.26875 0.00859375 0.03828125
1 0.56171875 0.284375 0.013671875 0.040625
1 0.569140625 0.26875 0.008984375 0.03828125
2 0.520703125 0.50703125 0.01484375 0.03828125
0 0.834375 0.25546875 0.092578125 0.08671875