1 0.61640625 0.46875 0.041015625 0.11171875
1 0.912890625 0.40625 0.030859375 0.08828125
1 0.751171875 0.43046875 0.027734375 0.10078125
1 0.043359375 0.4453125 0.03125 0.1078125
1 0.13671875 0.46484375 0.03828125 0.1140625
1 0.62734375 0.3671875 0.017578125 0.06484375
1 0.023828125 0.3828125 0.02109375 0.07109375
1 0.7265625 0.3671875 0.0171875 0.059375
1 0.466015625 0.38515625 0.015234375 0.05859375
1 0.842578125 0.34296875 0.017578125 0.05
1 0.07578125 0.36328125 0.0203125 0.05078125
1 0.433984375 0.3484375 0.01875 0.06171875
1 0.489453125 0.37578125 0.01640625 0.06015625
1 0.148046875 0.678125 0.08671875 0.240625
1 0.196875 0.41484375 0.022265625 0.0875
1 0.31796875 0.36171875 0.016796875 0.06484375
1 0.240234375 0.46953125 0.034375 0.09453125
1 0.253515625 0.38515625 0.02578125 0.0890625
1 0.374609375 0.3671875 0.016015625 0.05625
1 0.452734375 0.33046875 0.0140625 0.04609375
0 0.945703125 0.32578125 0.108203125 0.08515625