1 0.224609375 0.50078125 0.033984375 0.11171875
1 0.109765625 0.40390625 0.023046875 0.08203125
1 0.533984375 0.4421875 0.025 0.0796875
1 0.18359375 0.41953125 0.022265625 0.0875
1 0.666015625 0.29609375 0.016796875 0.04921875
1 0.578515625 0.309375 0.017578125 0.06015625
1 0.1 0.32265625 0.017578125 0.06328125
1 0.4703125 0.303125 0.015234375 0.05390625
1 0.594921875 0.27734375 0.01328125 0.040625
1 0.640234375 0.39140625 0.0171875 0.0734375
1 0.419921875 0.3265625 0.0171875 0.05546875
1 0.319921875 0.3359375 0.01875 0.0609375
1 0.37109375 0.91875 0.089453125 0.159375
1 0.369921875 0.32734375 0.0171875 0.05625
1 0.55390625 0.2703125 0.01484375 0.0453125
1 0.204296875 0.30546875 0.0171875 0.05703125
1 0.367578125 0.29609375 0.017578125 0.0515625
1 0.79375 0.26796875 0.015625 0.04375
1 0.1234375 0.2796875 0.01484375 0.04296875
1 0.176171875 0.271875 0.01328125 0.0359375
1 0.339453125 0.26171875 0.013671875 0.0390625
1 0.190234375 0.31328125 0.01640625 0.05078125
1 0.579296875 0.284375 0.013671875 0.03359375
2 0.466796875 0.44296875 0.020703125 0.03203125
0 0.800390625 0.253125 0.089453125 0.07734375