1 0.126171875 0.4234375 0.026171875 0.090625
1 0.383203125 0.50234375 0.02578125 0.10234375
1 0.600390625 0.4328125 0.031640625 0.0828125
1 0.670703125 0.303125 0.01328125 0.0484375
1 0.64453125 0.3828125 0.02109375 0.07421875
1 0.573046875 0.31875 0.015625 0.05
1 0.221875 0.30625 0.016796875 0.05546875
1 0.178515625 0.3125 0.01796875 0.053125
1 0.471875 0.3078125 0.016796875 0.0625
1 0.110546875 0.3296875 0.01953125 0.0671875
1 0.458203125 0.33671875 0.015625 0.0484375
1 0.234375 0.434375 0.019921875 0.096875
1 0.369921875 0.353125 0.019921875 0.065625
1 0.547265625 0.2703125 0.013671875 0.0421875
1 0.766015625 0.2671875 0.013671875 0.0390625
1 0.3828125 0.2984375 0.01875 0.05546875
1 0.161328125 0.27734375 0.013671875 0.0484375
1 0.1109375 0.28125 0.01484375 0.0484375
1 0.60625 0.296875 0.015234375 0.06328125
1 0.38984375 0.33671875 0.019921875 0.06953125
1 0.3359375 0.26640625 0.015625 0.04453125
1 0.60703125 0.275 0.008984375 0.03359375
2 0.387890625 0.3859375 0.01484375 0.03046875
0 0.773046875 0.25546875 0.083984375 0.07890625