1 0.899609375 0.4953125 0.027734375 0.1234375
1 0.681640625 0.409375 0.0171875 0.071875
1 0.1828125 0.50546875 0.04140625 0.12578125
1 0.572265625 0.528125 0.041796875 0.12734375
1 0.4984375 0.4078125 0.016796875 0.059375
1 0.236328125 0.4671875 0.02578125 0.12421875
1 0.051953125 0.4171875 0.018359375 0.07265625
1 0.40859375 0.39921875 0.015234375 0.05625
1 0.7875 0.40390625 0.0171875 0.06328125
1 0.461328125 0.38046875 0.016796875 0.06015625
1 0.114453125 0.4421875 0.025 0.071875
1 0.07734375 0.39453125 0.01640625 0.05078125
1 0.26015625 0.41953125 0.022265625 0.1015625
1 0.11484375 0.39296875 0.0234375 0.08125
1 0.354296875 0.40625 0.025390625 0.08359375
1 0.48125 0.36171875 0.01640625 0.04609375
1 0.4765625 0.40859375 0.022265625 0.07265625
1 0.9578125 0.3796875 0.021484375 0.07734375