1 0.746484375 0.4546875 0.016796875 0.0796875
1 0.47265625 0.5859375 0.03359375 0.11953125
1 0.484765625 0.4453125 0.01875 0.06484375
1 0.508203125 0.4421875 0.019140625 0.08203125
1 0.13203125 0.51875 0.0296875 0.1703125
1 0.8390625 0.44609375 0.019921875 0.06796875
1 0.44140625 0.4390625 0.016015625 0.05703125
1 0.075 0.4515625 0.018359375 0.07109375
1 0.3140625 0.4984375 0.02109375 0.08984375
1 0.125 0.42734375 0.020703125 0.0765625
1 0.101953125 0.43359375 0.020703125 0.059375
1 0.2578125 0.48515625 0.02421875 0.09296875
1 0.27265625 0.46640625 0.02265625 0.09921875
1 0.40703125 0.45703125 0.020703125 0.08828125
1 0.484375 0.41484375 0.02265625 0.05859375
1 0.50703125 0.421875 0.022265625 0.06171875