1 0.070703125 0.45546875 0.01953125 0.08671875
1 0.366796875 0.5015625 0.03359375 0.11953125
1 0.10234375 0.46953125 0.023046875 0.08515625
1 0.82109375 0.47421875 0.030078125 0.1109375
1 0.790234375 0.42109375 0.018359375 0.0734375
1 0.587890625 0.4140625 0.0171875 0.0578125
1 0.13515625 0.43046875 0.01875 0.065625
1 0.4625 0.42734375 0.01875 0.06953125
1 0.6140625 0.39140625 0.019140625 0.05546875
1 0.446875 0.4203125 0.015234375 0.05625
1 0.216015625 0.4171875 0.018359375 0.06484375
1 0.3140625 0.38203125 0.016015625 0.05625
1 0.3515625 0.46328125 0.017578125 0.10078125
1 0.376953125 0.41640625 0.01875 0.04296875
1 0.378125 0.384375 0.0125 0.04609375
1 0.4 0.39921875 0.010546875 0.05078125
1 0.421875 0.39921875 0.01484375 0.05703125
1 0.43515625 0.39140625 0.01171875 0.05
1 0.515625 0.3984375 0.014453125 0.06796875
1 0.66015625 0.3921875 0.012109375 0.046875
1 0.81796875 0.44765625 0.02578125 0.09140625
0 0.199609375 0.378125 0.123828125 0.07109375