1 0.098046875 0.45 0.03125 0.10625
1 0.669921875 0.421875 0.0234375 0.08203125
1 0.242578125 0.440625 0.026953125 0.1046875
1 0.63203125 0.37421875 0.023046875 0.06953125
1 0.059765625 0.3421875 0.021484375 0.06875
1 0.404296875 0.37578125 0.027734375 0.06953125
1 0.43125 0.31015625 0.016015625 0.0609375
1 0.0984375 0.32578125 0.018359375 0.05859375
1 0.320703125 0.3046875 0.02109375 0.05625
1 0.54375 0.3296875 0.016796875 0.0515625
1 0.46875 0.3421875 0.017578125 0.0578125
1 0.48203125 0.4921875 0.024609375 0.09609375
1 0.608203125 0.3140625 0.0140625 0.0515625
1 0.640625 0.31015625 0.0171875 0.0484375
1 0.2078125 0.30625 0.01953125 0.0578125
1 0.571875 0.2765625 0.01171875 0.0375
1 0.035546875 0.2890625 0.01796875 0.05
1 0.33359375 0.909375 0.070703125 0.17421875
1 0.28984375 0.26796875 0.014453125 0.04453125
1 0.699609375 0.26484375 0.012890625 0.03984375
1 0.5 0.2671875 0.015234375 0.0546875
1 0.092578125 0.28203125 0.01796875 0.04765625
2 0.43359375 0.40703125 0.012109375 0.02890625
0 0.704296875 0.2515625 0.0875 0.07890625