1 0.2171875 0.484375 0.02109375 0.1046875
1 0.35703125 0.3359375 0.016015625 0.06171875
1 0.120703125 0.33671875 0.01640625 0.06015625
1 0.5171875 0.35078125 0.016796875 0.059375
1 0.617578125 0.375 0.0234375 0.0703125
1 0.445703125 0.41796875 0.027734375 0.09296875
1 0.70859375 0.40234375 0.03125 0.06171875
1 0.603515625 0.33828125 0.020703125 0.06015625
1 0.515625 0.2890625 0.01328125 0.03984375
1 0.43046875 0.28515625 0.01484375 0.04140625
1 0.567578125 0.4984375 0.023828125 0.0890625
1 0.452734375 0.359375 0.02109375 0.06484375
1 0.2140625 0.33359375 0.01875 0.06015625
1 0.198828125 0.2859375 0.016015625 0.04765625
1 0.625 0.26875 0.0109375 0.040625
1 0.63046875 0.3390625 0.017578125 0.05859375
2 0.490234375 0.42265625 0.020703125 0.02734375
0 0.622265625 0.2578125 0.087890625 0.06328125