1 0.346484375 0.44609375 0.0265625 0.096875
1 0.41875 0.37265625 0.015625 0.0578125
1 0.695703125 0.3640625 0.015234375 0.05625
1 0.166796875 0.3671875 0.016015625 0.05625
1 0.0640625 0.421875 0.024609375 0.0890625
1 0.396875 0.35859375 0.01328125 0.05234375
1 0.3296875 0.4015625 0.020703125 0.08671875
1 0.730078125 0.415625 0.021875 0.09140625
1 0.09296875 0.3796875 0.017578125 0.059375
1 0.517578125 0.3546875 0.015234375 0.053125
1 0.334765625 0.3390625 0.0171875 0.06015625
1 0.056640625 0.40625 0.017578125 0.08984375
1 0.269921875 0.32890625 0.010546875 0.03984375
1 0.3484375 0.35078125 0.01328125 0.05625
1 0.323046875 0.36171875 0.01484375 0.034375
1 0.3765625 0.346875 0.01328125 0.0421875
1 0.446484375 0.34765625 0.017578125 0.0578125
1 0.393359375 0.3359375 0.012109375 0.046875
1 0.543359375 0.3375 0.01171875 0.04921875
1 0.585546875 0.340625 0.01484375 0.03984375
1 0.712109375 0.38125 0.0140625 0.06953125
0 0.15859375 0.32578125 0.1109375 0.0671875