1 0.120703125 0.540625 0.028125 0.11875
1 0.55078125 0.4609375 0.019921875 0.07109375
1 0.81796875 0.475 0.01875 0.084375
1 0.371484375 0.6296875 0.046875 0.15625
1 0.88125 0.46015625 0.019140625 0.07265625
1 0.278515625 0.48125 0.021875 0.07265625
1 0.31640625 0.46484375 0.019921875 0.078125
1 0.518359375 0.4484375 0.016796875 0.0703125
1 0.1328125 0.496875 0.02265625 0.09140625
1 0.48984375 0.4625 0.0234375 0.075
1 0.369921875 0.50625 0.025 0.09921875
1 0.28359375 0.49453125 0.022265625 0.103125
1 0.105078125 0.4609375 0.01875 0.08203125
1 0.149609375 0.4375 0.015625 0.0609375
1 0.1640625 0.43828125 0.015234375 0.06953125
1 0.458203125 0.4265625 0.01875 0.05
1 0.47578125 0.42578125 0.0203125 0.06328125
1 0.484375 0.4765625 0.02265625 0.10546875
2 0.4328125 0.459375 0.013671875 0.02265625