1 0.199609375 0.55390625 0.03125 0.1390625
1 0.6578125 0.5453125 0.02734375 0.109375
1 0.760546875 0.42109375 0.021484375 0.0796875
1 0.50234375 0.465625 0.025 0.09296875
1 0.46640625 0.49921875 0.026171875 0.11953125
1 0.2953125 0.38359375 0.018359375 0.06796875
1 0.445703125 0.40078125 0.021875 0.065625
1 0.618359375 0.41328125 0.01953125 0.07421875
1 0.46953125 0.328125 0.01328125 0.0453125
1 0.01953125 0.3859375 0.0171875 0.06953125
1 0.666796875 0.38828125 0.025 0.05859375
1 0.112109375 0.3828125 0.01875 0.0671875
1 0.51328125 0.39765625 0.021484375 0.06328125
1 0.634765625 0.97109375 0.06015625 0.0578125
1 0.3671875 0.31875 0.016015625 0.05
1 0.096875 0.33203125 0.016796875 0.046875
1 0.573828125 0.36875 0.019921875 0.0671875
1 0.983203125 0.3953125 0.02890625 0.06953125
1 0.5796875 0.303125 0.012109375 0.04375
2 0.54921875 0.32421875 0.016015625 0.02890625
0 0.575390625 0.28828125 0.096875 0.0890625