1 0.233203125 0.6375 0.061328125 0.18515625
1 0.2609375 0.48515625 0.021875 0.08203125
1 0.076171875 0.54296875 0.033984375 0.12734375
1 0.31953125 0.4734375 0.025390625 0.08515625
1 0.90390625 0.4671875 0.0203125 0.0796875
1 0.876953125 0.484375 0.026171875 0.0921875
1 0.35859375 0.5078125 0.025 0.10390625
1 0.50625 0.45390625 0.019140625 0.07890625
1 0.09921875 0.4921875 0.0265625 0.10859375
1 0.10234375 0.46015625 0.03203125 0.0875
1 0.571484375 0.46640625 0.026171875 0.07265625
1 0.5625 0.5015625 0.023046875 0.09609375
1 0.2140625 0.43984375 0.016015625 0.0578125
1 0.42578125 0.4375 0.01796875 0.059375
1 0.443359375 0.4375 0.019921875 0.06015625
1 0.475 0.45546875 0.01875 0.0765625
1 0.48828125 0.46875 0.01796875 0.09296875
2 0.282421875 0.4609375 0.014453125 0.02265625