1 0.70234375 0.596875 0.042578125 0.12109375
1 0.50078125 0.5703125 0.030859375 0.11640625
1 0.20703125 0.62421875 0.0296875 0.15390625
1 0.5390625 0.5140625 0.0265625 0.0984375
1 0.53828125 0.43984375 0.023046875 0.075
1 0.32421875 0.4265625 0.017578125 0.07109375
1 0.6625 0.4578125 0.020703125 0.08046875
1 0.071484375 0.375 0.01953125 0.06171875
1 0.7171875 0.4296875 0.0203125 0.065625
1 0.019921875 0.43359375 0.018359375 0.07421875
1 0.853125 0.46015625 0.0234375 0.0828125
1 0.10625 0.4359375 0.032421875 0.0765625
1 0.565234375 0.4140625 0.0265625 0.06171875
1 0.47734375 0.45 0.020703125 0.0640625
1 0.477734375 0.38125 0.01640625 0.04609375
1 0.36953125 0.36640625 0.014453125 0.04921875
1 0.601953125 0.35 0.0140625 0.0453125
2 0.489453125 0.425 0.010546875 0.0328125
0 0.5953125 0.33125 0.108203125 0.08359375