1 0.08515625 0.6296875 0.033984375 0.1671875
1 0.271484375 0.51484375 0.022265625 0.08046875
1 0.859375 0.490625 0.0328125 0.1
1 0.440625 0.48125 0.019140625 0.07734375
1 0.21875 0.4875 0.02109375 0.08515625
1 0.1859375 0.49296875 0.02109375 0.0875
1 0.645703125 0.50234375 0.02109375 0.0828125
1 0.374609375 0.46484375 0.01328125 0.0453125
1 0.00546875 0.4953125 0.0109375 0.1
1 0.0734375 0.4828125 0.030078125 0.10859375
1 0.24140625 0.44453125 0.019140625 0.084375
1 0.334375 0.4515625 0.017578125 0.0640625
1 0.5375 0.48828125 0.036328125 0.1015625
1 0.85 0.47109375 0.01796875 0.0859375
1 0.35703125 0.4515625 0.019140625 0.06015625
1 0.34921875 0.46640625 0.034375 0.08515625