1 0.766015625 0.5578125 0.0546875 0.1875
1 0.9484375 0.378125 0.024609375 0.08515625
1 0.577734375 0.52578125 0.03984375 0.16953125
1 0.3828125 0.4515625 0.03515625 0.12109375
1 0.60625 0.41171875 0.022265625 0.09375
1 0.291796875 0.38046875 0.0203125 0.08203125
1 0.182421875 0.31640625 0.0140625 0.04609375
1 0.648828125 0.4234375 0.028125 0.103125
1 0.3265625 0.32734375 0.015625 0.05546875
1 0.29375 0.3203125 0.019140625 0.05859375
1 0.10234375 0.29453125 0.01328125 0.04453125
1 0.396484375 0.309375 0.012109375 0.0484375
1 0.42890625 0.296875 0.01640625 0.0421875
1 0.462890625 0.29296875 0.011328125 0.03828125
1 0.20703125 0.29453125 0.01015625 0.0453125
1 0.219140625 0.3125 0.01484375 0.0578125
1 0.28828125 0.2953125 0.012109375 0.03125
1 0.303515625 0.290625 0.01328125 0.03984375
1 0.5484375 0.325 0.01328125 0.071875
1 0.583203125 0.32890625 0.014453125 0.07578125
1 0.64296875 0.38671875 0.02734375 0.09921875
0 0.01953125 0.29140625 0.0390625 0.06796875