1 0.74296875 0.5140625 0.030859375 0.08203125
1 0.048828125 0.6609375 0.03984375 0.146875
1 0.342578125 0.48828125 0.029296875 0.07578125
1 0.01328125 0.56328125 0.0265625 0.10546875
1 0.608203125 0.49375 0.021875 0.08515625
1 0.37890625 0.7015625 0.03203125 0.1515625
1 0.680078125 0.59453125 0.02890625 0.11328125
1 0.951953125 0.4296875 0.01953125 0.05546875
1 0.666015625 0.51015625 0.022265625 0.07109375
1 0.41640625 0.48671875 0.021875 0.08359375
1 0.807421875 0.71796875 0.032421875 0.13828125
1 0.658203125 0.621875 0.0296875 0.11875
1 0.013671875 0.4484375 0.0265625 0.0609375
1 0.419921875 0.43125 0.020703125 0.0578125
1 0.650390625 0.4328125 0.01875 0.06015625
1 0.723828125 0.484375 0.0265625 0.0890625
1 0.73046875 0.4671875 0.016796875 0.0765625
0 0.95234375 0.3984375 0.0953125 0.10859375