1 0.87890625 0.64609375 0.063671875 0.184375
1 0.191796875 0.61875 0.034375 0.1625
1 0.843359375 0.48828125 0.02265625 0.07890625
1 0.288671875 0.459375 0.022265625 0.05234375
1 0.43984375 0.48203125 0.019140625 0.0640625
1 0.678125 0.5078125 0.021875 0.0953125
1 0.13359375 0.4828125 0.01796875 0.07421875
1 0.49375 0.47265625 0.019921875 0.06640625
1 0.079296875 0.471875 0.0125 0.0609375
1 0.17265625 0.53203125 0.0296875 0.09765625
1 0.36171875 0.4640625 0.028125 0.0859375
1 0.828125 0.47578125 0.02109375 0.09609375
1 0.16640625 0.4703125 0.02578125 0.0984375
1 0.222265625 0.4578125 0.0203125 0.09140625
1 0.24765625 0.4640625 0.02109375 0.08984375