1 0.205859375 0.6453125 0.042578125 0.13515625
1 0.8609375 0.7765625 0.057421875 0.15078125
1 0.467578125 0.71796875 0.0484375 0.1703125
1 0.934375 0.55 0.027734375 0.09453125
1 0.844921875 0.52265625 0.032421875 0.09375
1 0.521875 0.49765625 0.026171875 0.0828125
1 0.115625 0.53203125 0.03828125 0.0890625
1 0.228125 0.5453125 0.02578125 0.09375
1 0.792578125 0.62265625 0.03046875 0.10390625
1 0.83984375 0.6171875 0.0296875 0.109375
1 0.906640625 0.44921875 0.01953125 0.0640625
1 0.6234375 0.509375 0.029296875 0.07734375
1 0.95078125 0.5015625 0.023828125 0.08046875
1 0.673828125 0.446875 0.023046875 0.06875
1 0.99140625 0.49375 0.0171875 0.071875
1 0.87890625 0.53046875 0.024609375 0.08203125
1 0.209765625 0.45078125 0.017578125 0.0484375
1 0.197265625 0.4453125 0.017578125 0.0484375