1 0.212109375 0.6171875 0.035546875 0.15625
1 0.80234375 0.6359375 0.0453125 0.18046875
1 0.35625 0.45703125 0.019921875 0.07109375
1 0.85078125 0.490625 0.025390625 0.08828125
1 0.16484375 0.5203125 0.023046875 0.1
1 0.694140625 0.51171875 0.022265625 0.09453125
1 0.448046875 0.47109375 0.016796875 0.0671875
1 0.247265625 0.45859375 0.021875 0.0703125
1 0.18671875 0.4765625 0.022265625 0.07890625
1 0.112109375 0.4640625 0.024609375 0.08359375
1 0.28828125 0.45703125 0.014453125 0.06640625
1 0.38671875 0.453125 0.012890625 0.0578125
1 0.49921875 0.4703125 0.0296875 0.08203125
1 0.840625 0.4671875 0.01875 0.075
1 0.175 0.4734375 0.01484375 0.0796875
2 0.373828125 0.47109375 0.005859375 0.015625