1 0.7296875 0.3609375 0.017578125 0.07265625
1 0.8796875 0.4453125 0.030078125 0.125
1 0.721875 0.546875 0.05234375 0.1859375
1 0.970703125 0.46328125 0.047265625 0.13046875
1 0.6140625 0.54140625 0.05390625 0.178125
1 0.431640625 0.4421875 0.04375 0.13203125
1 0.352734375 0.33671875 0.015234375 0.06640625
1 0.18515625 0.31796875 0.01640625 0.04921875
1 0.530859375 0.35234375 0.021484375 0.08046875
1 0.22734375 0.31640625 0.01484375 0.05
1 0.376953125 0.3578125 0.017578125 0.0625
1 0.33671875 0.34921875 0.01640625 0.0546875
1 0.156640625 0.3078125 0.014453125 0.0484375
1 0.383203125 0.41875 0.022265625 0.103125
1 0.3984375 0.42890625 0.021875 0.128125
1 0.416015625 0.31328125 0.017578125 0.05625
1 0.432421875 0.29453125 0.012890625 0.059375
1 0.69140625 0.3203125 0.012109375 0.0375
1 0.69609375 0.36328125 0.015234375 0.071875
1 0.2578125 0.31015625 0.017578125 0.06796875
1 0.068359375 0.2953125 0.015625 0.04609375
1 0.287890625 0.2890625 0.0109375 0.04140625
1 0.521875 0.30078125 0.014453125 0.04609375
1 0.323046875 0.325 0.0171875 0.0578125