1 0.22578125 0.609375 0.04140625 0.1453125
1 0.751953125 0.61796875 0.05703125 0.17109375
1 0.203125 0.509375 0.023828125 0.08828125
1 0.7203125 0.50234375 0.021875 0.084375
1 0.483203125 0.46640625 0.016796875 0.05234375
1 0.442578125 0.45078125 0.019140625 0.05078125
1 0.880078125 0.48671875 0.030078125 0.07734375
1 0.25546875 0.4765625 0.025 0.065625
1 0.548828125 0.46171875 0.020703125 0.0625
1 0.0171875 0.47421875 0.03203125 0.1109375
1 0.178515625 0.45625 0.03125 0.0890625
1 0.2984375 0.459375 0.0140625 0.0765625
1 0.305078125 0.4671875 0.013671875 0.07734375
1 0.336328125 0.45625 0.013671875 0.065625
1 0.3625 0.4640625 0.021875 0.0671875
1 0.871484375 0.46796875 0.019140625 0.0890625