1 0.06953125 0.48125 0.019140625 0.078125
1 0.0109375 0.50625 0.01953125 0.09609375
1 0.351953125 0.465625 0.0296875 0.0765625
1 0.503125 0.45625 0.024609375 0.06640625
1 0.922265625 0.48984375 0.02734375 0.07109375
1 0.24609375 0.49375 0.022265625 0.1
1 0.25 0.56875 0.027734375 0.2109375
1 0.91015625 0.48046875 0.01953125 0.0546875
1 0.380859375 0.44765625 0.025 0.06640625
1 0.408203125 0.4671875 0.021875 0.07265625
1 0.43515625 0.45 0.01640625 0.0578125
1 0.453125 0.4640625 0.015625 0.07109375
1 0.590625 0.4609375 0.02734375 0.09765625
1 0.249609375 0.45546875 0.0203125 0.078125
1 0.7484375 0.4984375 0.028125 0.1078125
1 0.76796875 0.5953125 0.03359375 0.18125
2 0.431640625 0.47109375 0.009375 0.02109375