1 0.03203125 0.525 0.023046875 0.10234375
1 0.263671875 0.58828125 0.02578125 0.13984375
1 0.78203125 0.4953125 0.01640625 0.0734375
1 0.262109375 0.49453125 0.023828125 0.07265625
1 0.12265625 0.4765625 0.019921875 0.0765625
1 0.06484375 0.50234375 0.020703125 0.090625
1 0.95546875 0.4859375 0.03125 0.078125
1 0.77734375 0.58984375 0.03359375 0.13828125
1 0.302734375 0.459375 0.0140625 0.0515625
1 0.544140625 0.45390625 0.019921875 0.05625
1 0.376171875 0.45703125 0.021484375 0.053125
1 0.6234375 0.46484375 0.03359375 0.08671875
1 0.419921875 0.465625 0.030078125 0.07890625
1 0.4984375 0.45859375 0.02265625 0.07421875
1 0.51640625 0.45703125 0.025 0.071875
1 0.461328125 0.4734375 0.029296875 0.07734375
1 0.4515625 0.45390625 0.023046875 0.0703125