1 0.587109375 0.4984375 0.0515625 0.15703125
1 0.371484375 0.40859375 0.020703125 0.096875
1 0.244140625 0.40234375 0.022265625 0.0921875
1 0.73828125 0.390625 0.02265625 0.09453125
1 0.1453125 0.33203125 0.01484375 0.0546875
1 0.500390625 0.41171875 0.023046875 0.08359375
1 0.9890625 0.47109375 0.021875 0.1078125
1 0.5609375 0.34921875 0.016796875 0.0609375
1 0.41796875 0.34140625 0.0171875 0.059375
1 0.338671875 0.3359375 0.016796875 0.0578125
1 0.227734375 0.325 0.0125 0.0515625
1 0.3671875 0.33203125 0.017578125 0.06171875
1 0.4484375 0.30390625 0.017578125 0.05859375
1 0.28203125 0.296875 0.012109375 0.03828125
1 0.241796875 0.32265625 0.012890625 0.06015625
1 0.254296875 0.321875 0.015234375 0.05546875
1 0.058203125 0.2984375 0.01640625 0.0453125
1 0.467578125 0.32421875 0.0140625 0.059375
1 0.5 0.3328125 0.01875 0.0703125
1 0.59296875 0.30859375 0.0109375 0.04765625
1 0.6328125 0.31796875 0.016015625 0.0578125
1 0.648828125 0.34140625 0.016796875 0.0828125
2 0.056640625 0.29765625 0.00546875 0.00859375