1 0.436328125 0.628125 0.028515625 0.13046875
1 0.205859375 0.54765625 0.026953125 0.1
1 0.398046875 0.48125 0.023046875 0.08125
1 0.295703125 0.62421875 0.02890625 0.1109375
1 0.02734375 0.46875 0.024609375 0.0765625
1 0.967578125 0.6359375 0.0375 0.1296875
1 0.330078125 0.5125 0.024609375 0.09609375
1 0.80625 0.565625 0.03046875 0.0921875
1 0.92890625 0.5203125 0.025 0.090625
1 0.517578125 0.45859375 0.019921875 0.06953125
1 0.5015625 0.45703125 0.025 0.0609375
2 0.478515625 0.48046875 0.0125 0.025