1 0.047265625 0.51875 0.021875 0.103125
1 0.20234375 0.5703125 0.025390625 0.121875
1 0.42109375 0.465625 0.026953125 0.0703125
1 0.2375 0.49453125 0.021484375 0.0796875
1 0.09765625 0.503125 0.023046875 0.0875
1 0.814453125 0.5078125 0.026171875 0.0859375
1 0.48125 0.4640625 0.018359375 0.06015625
1 0.75703125 0.5765625 0.033984375 0.1328125
1 0.176953125 0.4765625 0.030859375 0.0921875
1 0.341015625 0.46015625 0.02265625 0.07265625
1 0.402734375 0.4515625 0.016015625 0.0703125
1 0.513671875 0.46953125 0.022265625 0.0828125
1 0.595703125 0.4578125 0.026953125 0.07734375
1 0.623046875 0.46796875 0.025 0.08046875
1 0.99140625 0.4921875 0.016796875 0.13671875