1 0.41484375 0.60234375 0.026171875 0.11640625
1 0.238671875 0.5171875 0.02265625 0.0875
1 0.886328125 0.6203125 0.03671875 0.11953125
1 0.094140625 0.47109375 0.0234375 0.0609375
1 0.747265625 0.56328125 0.035546875 0.10625
1 0.304296875 0.596875 0.02421875 0.1015625
1 0.426953125 0.47421875 0.020703125 0.07421875
1 0.318359375 0.5078125 0.02109375 0.0859375
1 0.921484375 0.52109375 0.026171875 0.09140625
1 0.485546875 0.46484375 0.024609375 0.0609375
1 0.546484375 0.4703125 0.034765625 0.0484375
2 0.473828125 0.48515625 0.012890625 0.021875
0 0.024609375 0.446875 0.04921875 0.115625