1 0.1734375 0.5578125 0.03125 0.1125
1 0.739453125 0.57109375 0.03515625 0.13984375
1 0.058984375 0.5109375 0.021484375 0.08984375
1 0.823828125 0.51328125 0.02109375 0.0953125
1 0.113671875 0.4984375 0.01953125 0.08046875
1 0.230078125 0.49375 0.02421875 0.0765625
1 0.5109375 0.46875 0.01953125 0.0671875
1 0.188671875 0.47734375 0.023046875 0.0796875
1 0.51953125 0.471875 0.024609375 0.065625
1 0.4578125 0.459375 0.019921875 0.065625
1 0.59609375 0.4640625 0.02109375 0.08203125
1 0.4140625 0.4703125 0.02265625 0.06640625
1 0.35546875 0.46484375 0.021484375 0.059375
1 0.429296875 0.45234375 0.01640625 0.053125
1 0.479296875 0.45703125 0.019140625 0.0625
1 0.611328125 0.46875 0.0203125 0.078125