1 0.08828125 0.67890625 0.059765625 0.23203125
1 0.0296875 0.465625 0.044921875 0.11953125
1 0.13203125 0.40234375 0.020703125 0.075
1 0.35390625 0.35625 0.014453125 0.05625
1 0.62734375 0.5046875 0.03046875 0.13515625
1 0.756640625 0.4078125 0.01953125 0.08125
1 0.783203125 0.3890625 0.016796875 0.06796875
1 0.418359375 0.3625 0.016015625 0.05546875
1 0.2453125 0.3671875 0.017578125 0.05546875
1 0.60703125 0.34765625 0.016796875 0.053125
1 0.414453125 0.434375 0.020703125 0.09296875
1 0.973828125 0.68828125 0.051953125 0.22265625
1 0.63359375 0.384375 0.015625 0.0671875
1 0.464453125 0.35390625 0.018359375 0.06796875
1 0.2625 0.3546875 0.016015625 0.0625
1 0.483203125 0.38671875 0.017578125 0.0703125
1 0.15546875 0.39921875 0.01953125 0.08203125
1 0.233203125 0.36953125 0.01875 0.0546875
1 0.494140625 0.36328125 0.01484375 0.078125
1 0.53671875 0.3703125 0.01953125 0.07421875
1 0.737109375 0.378125 0.018359375 0.0859375
1 0.026171875 0.33515625 0.02109375 0.06328125