1 0.15703125 0.55078125 0.03046875 0.10859375
1 0.714453125 0.571875 0.02890625 0.13671875
1 0.211328125 0.49140625 0.02109375 0.07734375
1 0.0609375 0.50546875 0.019921875 0.08515625
1 0.123828125 0.4953125 0.016796875 0.07265625
1 0.594140625 0.46953125 0.021484375 0.08125
1 0.828515625 0.5171875 0.019921875 0.0921875
1 0.528125 0.4734375 0.019140625 0.0625
1 0.48671875 0.459375 0.02109375 0.06484375
1 0.4421875 0.45859375 0.021875 0.0671875
1 0.341015625 0.459375 0.028515625 0.07265625
1 0.1890625 0.475 0.017578125 0.08359375
1 0.38828125 0.47265625 0.0203125 0.075
1 0.39765625 0.4609375 0.016015625 0.0546875
1 0.408203125 0.45390625 0.010546875 0.05234375
2 0.42578125 0.4609375 0.009375 0.021875