1 0.698046875 0.56171875 0.0265625 0.13359375
1 0.227734375 0.4875 0.02109375 0.07109375
1 0.581640625 0.45625 0.019140625 0.06796875
1 0.163671875 0.54140625 0.02265625 0.10703125
1 0.076171875 0.4953125 0.019921875 0.08046875
1 0.135546875 0.484375 0.0203125 0.0765625
1 0.192578125 0.471875 0.02421875 0.08515625
1 0.8375 0.51640625 0.025390625 0.096875
1 0.536328125 0.46953125 0.0203125 0.0703125
1 0.341796875 0.4546875 0.01796875 0.06640625
1 0.50078125 0.45390625 0.01796875 0.06328125
1 0.38203125 0.4640625 0.0109375 0.0671875
1 0.607421875 0.46953125 0.016796875 0.07578125
1 0.437109375 0.45625 0.011328125 0.05390625
1 0.451171875 0.453125 0.00859375 0.05078125
1 0.46171875 0.4484375 0.012890625 0.04140625
1 0.39140625 0.45703125 0.018359375 0.065625