1 0.183203125 0.69296875 0.055859375 0.23984375
1 0.059375 0.46171875 0.0296875 0.1171875
1 0.244140625 0.37109375 0.016015625 0.0578125
1 0.158984375 0.41640625 0.02109375 0.0921875
1 0.41640625 0.4328125 0.021484375 0.08984375
1 0.641015625 0.49609375 0.02890625 0.12734375
1 0.115625 0.39453125 0.01953125 0.071875
1 0.497265625 0.39140625 0.019921875 0.0703125
1 0.827734375 0.4078125 0.021875 0.075
1 0.644140625 0.37734375 0.01484375 0.05546875
1 0.60703125 0.34609375 0.0171875 0.04921875
1 0.224609375 0.37109375 0.01484375 0.05625
1 0.35078125 0.3546875 0.01484375 0.0515625
1 0.2671875 0.35859375 0.015234375 0.05390625
1 0.4265625 0.36171875 0.017578125 0.053125
1 0.5484375 0.36875 0.016796875 0.06484375
1 0.46953125 0.3578125 0.018359375 0.059375
1 0.488671875 0.3578125 0.01484375 0.0609375
1 0.015625 0.34765625 0.01875 0.04375
1 0.253125 0.33046875 0.010546875 0.053125
1 0.75078125 0.37578125 0.016015625 0.08828125
1 0.7640625 0.40078125 0.019921875 0.1171875