1 0.669140625 0.5328125 0.022265625 0.08203125
1 0.569140625 0.49609375 0.0203125 0.071875
1 0.75625 0.5359375 0.02578125 0.0875
1 0.507421875 0.51328125 0.01875 0.0828125
1 0.9359375 0.5125 0.0234375 0.08671875
1 0.456640625 0.475 0.020703125 0.0671875
1 0.6390625 0.48203125 0.01796875 0.07265625
1 0.8828125 0.4734375 0.023828125 0.09375
1 0.475390625 0.4828125 0.015625 0.04140625
1 0.47265625 0.51953125 0.02109375 0.06640625
1 0.626171875 0.496875 0.016015625 0.07734375
2 0.416796875 0.48046875 0.0140625 0.02421875
0 0.376171875 0.44921875 0.178515625 0.1171875