1 0.246875 0.490625 0.01875 0.07265625
1 0.66796875 0.55859375 0.025390625 0.1265625
1 0.161328125 0.5375 0.023828125 0.1046875
1 0.083984375 0.49609375 0.021875 0.0859375
1 0.394140625 0.46328125 0.01796875 0.0640625
1 0.14296875 0.48359375 0.019921875 0.07734375
1 0.344921875 0.45859375 0.01953125 0.0734375
1 0.197265625 0.4703125 0.023046875 0.08359375
1 0.523046875 0.47265625 0.0203125 0.06875
1 0.8140625 0.5203125 0.026171875 0.09609375
1 0.61171875 0.47421875 0.018359375 0.06015625
1 0.01015625 0.46875 0.019921875 0.059375
1 0.3765625 0.4625 0.015625 0.07265625
1 0.448828125 0.4578125 0.0140625 0.06328125
1 0.571875 0.453125 0.01640625 0.05859375
1 0.539453125 0.471875 0.016015625 0.06640625
1 0.512890625 0.45 0.012890625 0.04765625
1 0.4765625 0.45 0.009375 0.04765625
1 0.486328125 0.45 0.012109375 0.0484375