1 0.652734375 0.55 0.033984375 0.11875
1 0.1 0.49453125 0.02265625 0.078125
1 0.1625 0.52890625 0.03046875 0.10234375
1 0.271484375 0.48203125 0.018359375 0.0703125
1 0.63203125 0.46640625 0.02265625 0.08046875
1 0.433203125 0.4578125 0.017578125 0.0625
1 0.51796875 0.46640625 0.0171875 0.07109375
1 0.38515625 0.45859375 0.018359375 0.0671875
1 0.4859375 0.44765625 0.015625 0.0625
1 0.992578125 0.49140625 0.01484375 0.08671875
1 0.805078125 0.5078125 0.01875 0.09453125
1 0.36171875 0.45234375 0.016796875 0.065625
1 0.014453125 0.45703125 0.018359375 0.071875
1 0.466796875 0.45234375 0.017578125 0.05859375
1 0.151953125 0.47109375 0.0203125 0.07890625
1 0.2 0.4625 0.02109375 0.08125
1 0.535546875 0.4625 0.014453125 0.06640625
1 0.548046875 0.44453125 0.014453125 0.05546875