1 0.4015625 0.6984375 0.061328125 0.24609375
1 0.701171875 0.47890625 0.0265625 0.1171875
1 0.166015625 0.4609375 0.029296875 0.1203125
1 0.11171875 0.44921875 0.02421875 0.10546875
1 0.434375 0.43203125 0.020703125 0.09453125
1 0.973046875 0.45625 0.032421875 0.10078125
1 0.146875 0.37421875 0.016796875 0.065625
1 0.81484375 0.40078125 0.020703125 0.0734375
1 0.78046875 0.371875 0.0171875 0.06328125
1 0.672265625 0.3765625 0.015625 0.053125
1 0.541796875 0.39140625 0.017578125 0.06640625
1 0.440625 0.36328125 0.01796875 0.05625
1 0.244921875 0.3703125 0.017578125 0.059375
1 0.363671875 0.35234375 0.015625 0.053125
1 0.628515625 0.34296875 0.015234375 0.04765625
1 0.29140625 0.3546875 0.014453125 0.0546875
1 0.285546875 0.35625 0.0125 0.0515625
1 0.59921875 0.3734375 0.016015625 0.0625
1 0.484375 0.3671875 0.01484375 0.05703125
1 0.4984375 0.35859375 0.01328125 0.06953125
1 0.262109375 0.375 0.0140625 0.06875
1 0.266015625 0.33125 0.009375 0.04453125
1 0.0234375 0.3453125 0.01328125 0.053125