1 0.125 0.528125 0.02265625 0.0984375
1 0.60703125 0.5421875 0.0328125 0.11875
1 0.25859375 0.48046875 0.01796875 0.06640625
1 0.063671875 0.4953125 0.019921875 0.08515625
1 0.76875 0.509375 0.019140625 0.09375
1 0.96171875 0.48828125 0.028125 0.08203125
1 0.63359375 0.46953125 0.022265625 0.0734375
1 0.387890625 0.45703125 0.01875 0.065625
1 0.13984375 0.47109375 0.020703125 0.08203125
1 0.441796875 0.4578125 0.016796875 0.0609375
1 0.494921875 0.4609375 0.0171875 0.06640625
1 0.462109375 0.4484375 0.016796875 0.0640625
1 0.1921875 0.46640625 0.022265625 0.08125
1 0.363671875 0.4515625 0.016796875 0.065625
1 0.968359375 0.475 0.013671875 0.0765625
2 0.547265625 0.46875 0.015625 0.021875