1 0.883203125 0.41328125 0.019921875 0.07890625
1 0.1890625 0.50234375 0.0296875 0.140625
1 0.1484375 0.45859375 0.026953125 0.1078125
1 0.529296875 0.721875 0.08359375 0.2578125
1 0.180859375 0.38125 0.016796875 0.0625
1 0.5765625 0.39453125 0.017578125 0.05859375
1 0.290625 0.3828125 0.019921875 0.06015625
1 0.768359375 0.49296875 0.028515625 0.1203125
1 0.462109375 0.44453125 0.021484375 0.1
1 0.843359375 0.3875 0.01640625 0.0671875
1 0.462890625 0.375 0.015234375 0.05078125
1 0.3953125 0.36171875 0.0140625 0.053125
1 0.657421875 0.39140625 0.01640625 0.06953125
1 0.7265625 0.3875 0.01796875 0.05625
1 0.68046875 0.35390625 0.017578125 0.05703125
1 0.321484375 0.36484375 0.015234375 0.0546875
1 0.28046875 0.378125 0.0125 0.0625
1 0.29296875 0.3359375 0.01328125 0.05625
1 0.05078125 0.3515625 0.014453125 0.0515625
1 0.51328125 0.3828125 0.01640625 0.07265625
1 0.541796875 0.36484375 0.016796875 0.0625
2 0.063671875 0.365625 0.0109375 0.0203125