1 0.12109375 0.5203125 0.020703125 0.1046875
1 0.58671875 0.5328125 0.021875 0.1140625
1 0.2703125 0.4765625 0.017578125 0.071875
1 0.034765625 0.49375 0.02265625 0.0859375
1 0.410546875 0.45234375 0.0234375 0.08203125
1 0.9390625 0.478125 0.020703125 0.07890625
1 0.206640625 0.46484375 0.023828125 0.0890625
1 0.518359375 0.44921875 0.019140625 0.0703125
1 0.643359375 0.46484375 0.020703125 0.078125
1 0.737109375 0.50234375 0.024609375 0.09453125
1 0.48828125 0.45859375 0.01953125 0.06875
1 0.15078125 0.471875 0.0203125 0.08046875
1 0.008203125 0.453125 0.016015625 0.06875
1 0.377734375 0.4453125 0.01796875 0.06796875
1 0.44609375 0.4421875 0.012890625 0.0625
1 0.458203125 0.4546875 0.0140625 0.07265625
1 0.5359375 0.43984375 0.01328125 0.05859375
1 0.551171875 0.4484375 0.016796875 0.0640625
1 0.479296875 0.43359375 0.012890625 0.04453125
2 0.620703125 0.45859375 0.010546875 0.021875