1 0.465234375 0.51796875 0.01875 0.07578125
1 0.943359375 0.553125 0.01796875 0.07890625
1 0.90859375 0.50625 0.025 0.08671875
1 0.50859375 0.47421875 0.021484375 0.07265625
1 0.626953125 0.49375 0.02421875 0.08359375
1 0.698046875 0.51328125 0.026953125 0.08984375
1 0.646484375 0.5046875 0.019921875 0.07734375
1 0.92109375 0.471875 0.019921875 0.07265625
1 0.727734375 0.52890625 0.024609375 0.0859375
1 0.71015625 0.484375 0.020703125 0.071875
1 0.772265625 0.52265625 0.022265625 0.08515625
1 0.78515625 0.5203125 0.019140625 0.10390625
2 0.5125 0.5046875 0.009375 0.02109375
0 0.46171875 0.44296875 0.155859375 0.1078125