1 0.8765625 0.51015625 0.028125 0.12421875
1 0.675 0.746875 0.046484375 0.24296875
1 0.73984375 0.4078125 0.01875 0.0703125
1 0.940234375 0.4078125 0.019140625 0.06953125
1 0.1921875 0.46875 0.027734375 0.109375
1 0.52265625 0.4609375 0.02265625 0.10078125
1 0.628515625 0.41640625 0.01640625 0.07265625
1 0.989453125 0.4359375 0.020703125 0.08515625
1 0.244140625 0.54609375 0.040625 0.1609375
1 0.565234375 0.40625 0.01640625 0.059375
1 0.241015625 0.3921875 0.015234375 0.0609375
1 0.45234375 0.375 0.014453125 0.05078125
1 0.765625 0.36953125 0.016796875 0.06015625
1 0.3703125 0.38203125 0.016796875 0.06640625
1 0.3421875 0.39765625 0.0171875 0.065625
1 0.8125 0.40703125 0.01796875 0.06171875
1 0.51171875 0.38359375 0.019140625 0.06015625
1 0.35546875 0.390625 0.012890625 0.0734375
1 0.35078125 0.3484375 0.01171875 0.04140625
1 0.111328125 0.3609375 0.01875 0.05859375
1 0.607421875 0.37890625 0.014453125 0.0734375
0 0.026953125 0.3515625 0.05390625 0.078125