1 0.574609375 0.53203125 0.028515625 0.11484375
1 0.26796875 0.478125 0.0234375 0.0734375
1 0.11484375 0.52890625 0.023046875 0.09921875
1 0.372265625 0.45390625 0.021484375 0.07890625
1 0.01328125 0.50078125 0.0203125 0.0875
1 0.9015625 0.478125 0.02421875 0.07578125
1 0.6921875 0.5 0.019921875 0.0875
1 0.408984375 0.4578125 0.01953125 0.07734375
1 0.620703125 0.46875 0.017578125 0.0703125
1 0.46015625 0.4546875 0.01875 0.06875
1 0.49140625 0.46484375 0.0203125 0.07109375
1 0.540625 0.4515625 0.01953125 0.075
1 0.204296875 0.4703125 0.02109375 0.08125
1 0.141015625 0.4765625 0.019921875 0.0765625
1 0.534375 0.45546875 0.02265625 0.08125
1 0.431640625 0.43984375 0.012890625 0.07265625
1 0.478125 0.434375 0.014453125 0.06171875
1 0.8953125 0.465625 0.016015625 0.06875