1 0.65859375 0.4921875 0.02421875 0.0796875
1 0.8609375 0.5296875 0.03125 0.0796875
1 0.82734375 0.5234375 0.020703125 0.08359375
1 0.90546875 0.53671875 0.028125 0.08671875
1 0.630078125 0.5015625 0.01796875 0.07734375
1 0.721875 0.51953125 0.023828125 0.0890625
1 0.498046875 0.46953125 0.02109375 0.0796875
1 0.462890625 0.51171875 0.01875 0.07265625
1 0.883203125 0.496875 0.02265625 0.0859375
1 0.719921875 0.46953125 0.018359375 0.06328125
1 0.8953125 0.465625 0.02265625 0.07265625
1 0.758984375 0.51953125 0.01796875 0.0984375
1 0.774609375 0.50859375 0.01796875 0.09609375
2 0.498828125 0.4984375 0.015234375 0.02109375
0 0.448828125 0.43125 0.167578125 0.115625