1 0.300390625 0.60390625 0.0390625 0.18828125
1 0.919921875 0.4359375 0.017578125 0.06875
1 0.242578125 0.48828125 0.02421875 0.109375
1 0.6796875 0.44375 0.01640625 0.0796875
1 0.841796875 0.4359375 0.01953125 0.071875
1 0.398828125 0.41953125 0.01796875 0.06328125
1 0.618359375 0.43984375 0.01953125 0.07109375
1 0.29765625 0.4046875 0.015625 0.05859375
1 0.603515625 0.4921875 0.023828125 0.1078125
1 0.871484375 0.3984375 0.01796875 0.06171875
1 0.5171875 0.39765625 0.016796875 0.0578125
1 0.42734375 0.4140625 0.015234375 0.065625
1 0.565234375 0.4078125 0.016015625 0.05859375
1 0.412890625 0.40703125 0.01328125 0.06484375
1 0.408984375 0.36640625 0.01171875 0.0515625
1 0.16171875 0.38046875 0.015625 0.05390625
1 0.677734375 0.3921875 0.016015625 0.0703125
1 0.825390625 0.83984375 0.111328125 0.3203125
2 0.173828125 0.39765625 0.01015625 0.01328125