1 0.36328125 0.66796875 0.046875 0.2109375
1 0.306640625 0.50703125 0.021484375 0.1140625
1 0.735546875 0.459375 0.020703125 0.084375
1 0.508203125 0.43203125 0.015625 0.06484375
1 0.950390625 0.45390625 0.020703125 0.07734375
1 0.465234375 0.43046875 0.018359375 0.06953125
1 0.678515625 0.46640625 0.01875 0.08359375
1 0.701953125 0.51015625 0.024609375 0.11015625
1 0.382421875 0.41484375 0.01640625 0.059375
1 0.065234375 0.43046875 0.01796875 0.06328125
1 0.008984375 0.56796875 0.01796875 0.153125
1 0.62734375 0.42421875 0.01484375 0.05234375
1 0.76640625 0.42109375 0.018359375 0.0609375
1 0.589453125 0.40703125 0.016015625 0.05234375
1 0.97890625 0.41640625 0.019921875 0.0703125
1 0.240625 0.3921875 0.016796875 0.05546875
1 0.485546875 0.38203125 0.0109375 0.0421875
0 0.11484375 0.3875 0.13203125 0.078125