1 0.653515625 0.48125 0.02578125 0.08046875
1 0.744921875 0.5 0.0234375 0.08671875
1 0.59765625 0.49140625 0.01953125 0.07734375
1 0.710546875 0.50390625 0.02734375 0.08671875
1 0.43359375 0.50546875 0.0171875 0.08046875
1 0.985546875 0.5171875 0.019140625 0.09453125
1 0.467578125 0.46015625 0.023828125 0.071875
1 0.843359375 0.45078125 0.02265625 0.06484375
1 0.7125 0.45390625 0.018359375 0.06171875
1 0.849609375 0.4765625 0.023046875 0.0796875
1 0.784375 0.50546875 0.01484375 0.0984375
1 0.8 0.51171875 0.01953125 0.10234375
1 0.826171875 0.5109375 0.013671875 0.1015625
1 0.840234375 0.51015625 0.015234375 0.10390625
2 0.460546875 0.48828125 0.01015625 0.0328125
0 0.41171875 0.42421875 0.180859375 0.109375