1 0.123046875 0.53125 0.02421875 0.10625
1 0.584765625 0.521875 0.023828125 0.1109375
1 0.2765625 0.47734375 0.021484375 0.06875
1 0.570703125 0.44375 0.021875 0.0640625
1 0.652734375 0.496875 0.019921875 0.08515625
1 0.209375 0.4625 0.025390625 0.08984375
1 0.010546875 0.50078125 0.02109375 0.0890625
1 0.88828125 0.4796875 0.0203125 0.065625
1 0.5015625 0.46328125 0.020703125 0.06875
1 0.608203125 0.46875 0.02109375 0.07578125
1 0.856640625 0.46484375 0.020703125 0.08046875
1 0.41875 0.44921875 0.0203125 0.075
1 0.361328125 0.45 0.021875 0.07890625
1 0.137890625 0.478125 0.025390625 0.0890625
1 0.46796875 0.44765625 0.019140625 0.07734375
1 0.48046875 0.4359375 0.0109375 0.05390625
1 0.522265625 0.43984375 0.015234375 0.05703125
1 0.496484375 0.4453125 0.013671875 0.0578125