1 0.59921875 0.521875 0.025390625 0.115625
1 0.819921875 0.46484375 0.0203125 0.06953125
1 0.118359375 0.5390625 0.024609375 0.10703125
1 0.347265625 0.4546875 0.021484375 0.0796875
1 0.0078125 0.5125 0.015625 0.09375
1 0.27890625 0.478125 0.016796875 0.07265625
1 0.51015625 0.4671875 0.018359375 0.0625
1 0.13125 0.48125 0.021484375 0.07890625
1 0.21015625 0.46640625 0.026953125 0.09375
1 0.85625 0.47421875 0.01953125 0.07265625
1 0.469921875 0.459375 0.0203125 0.0828125
1 0.628515625 0.49609375 0.021875 0.1
1 0.41171875 0.45234375 0.01953125 0.06484375
1 0.45078125 0.44921875 0.014453125 0.0609375
1 0.50078125 0.44765625 0.012109375 0.0390625
1 0.592578125 0.459375 0.023046875 0.06640625
1 0.607421875 0.44296875 0.016796875 0.0484375