1 0.334765625 0.53359375 0.026953125 0.11953125
1 0.5484375 0.453125 0.01875 0.065625
1 0.712109375 0.51796875 0.023046875 0.1
1 0.390625 0.77734375 0.04765625 0.27734375
1 0.497265625 0.44921875 0.0109375 0.0703125
1 0.091796875 0.4484375 0.01796875 0.0671875
1 0.433203125 0.43984375 0.016796875 0.06171875
1 0.01484375 0.59921875 0.0296875 0.15078125
1 0.53515625 0.409375 0.017578125 0.05
1 0.669921875 0.4421875 0.01640625 0.06171875
1 0.76875 0.52890625 0.033984375 0.13203125
1 0.275 0.4125 0.014453125 0.05078125
1 0.637109375 0.4265625 0.013671875 0.071875
1 0.82890625 0.4359375 0.01640625 0.06875
1 0.483203125 0.44296875 0.016796875 0.07890625
0 0.1375 0.4046875 0.130859375 0.08359375