1 0.034765625 0.60234375 0.0359375 0.1625
1 0.375 0.5375 0.028515625 0.121875
1 0.838671875 0.5359375 0.025 0.1203125
1 0.744140625 0.55 0.027734375 0.12890625
1 0.792578125 0.5 0.026171875 0.1046875
1 0.57890625 0.45859375 0.017578125 0.0703125
1 0.43984375 0.85703125 0.05625 0.284375
1 0.69375 0.43203125 0.015234375 0.05625
1 0.71796875 0.44453125 0.016015625 0.06484375
1 0.5171875 0.45 0.017578125 0.071875
1 0.140234375 0.44609375 0.018359375 0.065625
1 0.5375 0.453125 0.0171875 0.06953125
1 0.87578125 0.8703125 0.08203125 0.25546875
1 0.495703125 0.43671875 0.01484375 0.0640625
2 0.315234375 0.4328125 0.0078125 0.0140625
0 0.1859375 0.403125 0.130078125 0.0765625