1 0.3328125 0.484375 0.021875 0.07421875
1 0.141796875 0.559375 0.0265625 0.11796875
1 0.638671875 0.54296875 0.024609375 0.1140625
1 0.05390625 0.52890625 0.02421875 0.09765625
1 0.1765625 0.50078125 0.020703125 0.08046875
1 0.62578125 0.47421875 0.021484375 0.08203125
1 0.65859375 0.50078125 0.019921875 0.08359375
1 0.532421875 0.46640625 0.016796875 0.06484375
1 0.5578125 0.471875 0.01796875 0.0640625
1 0.23046875 0.47578125 0.01953125 0.0796875
1 0.36328125 0.46796875 0.01796875 0.0609375
1 0.80546875 0.46875 0.019140625 0.07421875
1 0.4328125 0.45546875 0.018359375 0.071875
1 0.01640625 0.465625 0.0140625 0.08671875
1 0.452734375 0.4640625 0.012109375 0.0765625
1 0.484765625 0.45234375 0.01484375 0.05625
1 0.51875 0.44765625 0.012109375 0.059375
1 0.678125 0.4625 0.02109375 0.0515625
1 0.8625 0.478125 0.01484375 0.0859375