1 0.84921875 0.534375 0.023828125 0.11875
1 0.37578125 0.54140625 0.020703125 0.1234375
1 0.762109375 0.58359375 0.030859375 0.140625
1 0.578125 0.459375 0.016796875 0.0703125
1 0.025 0.62734375 0.05 0.175
1 0.153515625 0.44609375 0.019140625 0.065625
1 0.7875 0.4984375 0.022265625 0.1
1 0.47109375 0.8921875 0.08046875 0.20625
1 0.83828125 0.8625 0.0671875 0.275
1 0.71640625 0.43359375 0.014453125 0.05859375
1 0.546875 0.4515625 0.019921875 0.07265625
1 0.512890625 0.45546875 0.016796875 0.07109375
1 0.51875 0.45390625 0.017578125 0.071875
1 0.5359375 0.4296875 0.0203125 0.08046875
1 0.739453125 0.4484375 0.016796875 0.0625
1 0.937890625 0.44375 0.0203125 0.065625
1 0.619921875 0.40859375 0.015234375 0.04765625
1 0.334375 0.41171875 0.010546875 0.06015625
2 0.332421875 0.43359375 0.006640625 0.01640625
0 0.201171875 0.40625 0.126953125 0.08359375