1 0.808984375 0.54296875 0.023828125 0.1015625
1 0.112890625 0.475 0.01953125 0.07734375
1 0.273046875 0.47265625 0.0203125 0.075
1 0.65703125 0.79453125 0.040625 0.20859375
1 0.2296875 0.4609375 0.018359375 0.07578125
1 0.345703125 0.48203125 0.025390625 0.0796875
1 0.027734375 0.43984375 0.021484375 0.0703125
1 0.93125 0.49375 0.01953125 0.07421875
1 0.30078125 0.47109375 0.021484375 0.0734375
1 0.8875 0.49453125 0.02421875 0.08046875
1 0.59453125 0.4890625 0.0203125 0.07265625
1 0.326953125 0.4265625 0.015625 0.0515625
1 0.8375 0.4875 0.021875 0.0796875
1 0.394921875 0.47421875 0.01875 0.075
1 0.377734375 0.46640625 0.021484375 0.0890625
1 0.266796875 0.4421875 0.01875 0.07265625
1 0.359375 0.48515625 0.01796875 0.08515625
1 0.36953125 0.4609375 0.011328125 0.08828125