1 0.165625 0.48984375 0.021484375 0.08125
1 0.08125 0.48359375 0.020703125 0.07734375
1 0.901953125 0.5640625 0.02421875 0.109375
1 0.465234375 0.7921875 0.04453125 0.209375
1 0.598046875 0.5375 0.02578125 0.1046875
1 0.872265625 0.57734375 0.024609375 0.1125
1 0.05078125 0.4734375 0.019921875 0.08125
1 0.423046875 0.49296875 0.021875 0.07421875
1 0.127734375 0.43515625 0.016796875 0.05703125
1 0.12421875 0.48984375 0.02734375 0.06171875
1 0.653515625 0.484375 0.020703125 0.075
1 0.230078125 0.47734375 0.019921875 0.07734375
1 0.61015625 0.478125 0.0234375 0.08046875
1 0.74296875 0.48828125 0.01875 0.0765625
1 0.2171875 0.4734375 0.018359375 0.084375
1 0.069921875 0.45 0.01640625 0.071875
1 0.19375 0.48125 0.021484375 0.09765625
1 0.196875 0.46015625 0.019140625 0.08203125