1 0.77265625 0.8625 0.0859375 0.2734375
1 0.033203125 0.63203125 0.039453125 0.17421875
1 0.391796875 0.5390625 0.024609375 0.1234375
1 0.784765625 0.49453125 0.023046875 0.103125
1 0.86015625 0.52578125 0.025 0.115625
1 0.57890625 0.45390625 0.019921875 0.08828125
1 0.56015625 0.44921875 0.015625 0.06796875
1 0.7890625 0.628125 0.03515625 0.17890625
1 0.52109375 0.45625 0.016796875 0.07421875
1 0.5625 0.95 0.057421875 0.1
1 0.979296875 0.44375 0.019921875 0.06328125
1 0.7375 0.4328125 0.0171875 0.06171875
1 0.18203125 0.4421875 0.018359375 0.06328125
1 0.36328125 0.41328125 0.015625 0.06328125
1 0.646875 0.4078125 0.012890625 0.0453125
1 0.77578125 0.44453125 0.018359375 0.0640625
1 0.57734375 0.43125 0.015234375 0.06328125
2 0.362890625 0.4328125 0.007421875 0.02109375