1 0.874609375 0.52265625 0.023828125 0.1140625
1 0.77265625 0.49140625 0.021484375 0.09453125
1 0.390625 0.54453125 0.02421875 0.12734375
1 0.495703125 0.4640625 0.018359375 0.08125
1 0.788671875 0.66328125 0.042578125 0.19375
1 0.673046875 0.86953125 0.060546875 0.25546875
1 0.73359375 0.43203125 0.016015625 0.05703125
1 0.9828125 0.4453125 0.0234375 0.07890625
1 0.56171875 0.46640625 0.020703125 0.0765625
1 0.58203125 0.43828125 0.01640625 0.0640625
1 0.5453125 0.446875 0.016796875 0.065625
1 0.173046875 0.44375 0.019921875 0.0625
1 0.016015625 0.646875 0.03203125 0.19375
1 0.796875 0.4484375 0.01640625 0.06328125
1 0.3625 0.415625 0.0125 0.06171875
1 0.65859375 0.41328125 0.015234375 0.05625
2 0.362109375 0.43515625 0.009765625 0.02109375