1 0.75859375 0.69375 0.044921875 0.2078125
1 0.382421875 0.54609375 0.026171875 0.1265625
1 0.895703125 0.52890625 0.02734375 0.11484375
1 0.772265625 0.47265625 0.01796875 0.0859375
1 0.46640625 0.4625 0.020703125 0.07734375
1 0.521484375 0.44765625 0.01796875 0.06875
1 0.5390625 0.46796875 0.021875 0.07421875
1 0.7234375 0.42890625 0.015625 0.05625
1 0.958984375 0.4421875 0.022265625 0.0734375
1 0.1640625 0.44453125 0.020703125 0.06171875
1 0.362109375 0.415625 0.017578125 0.05703125
1 0.57265625 0.4375 0.014453125 0.07890625
1 0.659375 0.40625 0.01484375 0.04921875
1 0.811328125 0.4453125 0.01640625 0.08359375
1 0.54921875 0.875 0.06953125 0.25
1 0.01328125 0.63671875 0.0265625 0.2140625
2 0.36328125 0.43203125 0.006640625 0.0140625