1 0.253125 0.79921875 0.044140625 0.2109375
1 0.073828125 0.48515625 0.02265625 0.0828125
1 0.04921875 0.50078125 0.021484375 0.09296875
1 0.401171875 0.53828125 0.023046875 0.1
1 0.38046875 0.48046875 0.01875 0.08046875
1 0.021875 0.509375 0.019921875 0.08359375
1 0.59296875 0.48515625 0.021875 0.07734375
1 0.34921875 0.48671875 0.021484375 0.07734375
1 0.252734375 0.50078125 0.01953125 0.075
1 0.023046875 0.47734375 0.02265625 0.096875
1 0.736328125 0.5296875 0.02421875 0.0984375
1 0.733203125 0.56796875 0.030859375 0.10078125