1 0.236328125 0.7859375 0.045703125 0.20390625
1 0.034375 0.46640625 0.01953125 0.078125
1 0.387109375 0.5203125 0.023046875 0.09453125
1 0.24296875 0.4953125 0.019921875 0.07421875
1 0.59765625 0.48203125 0.024609375 0.07734375
1 0.305078125 0.4828125 0.01875 0.071875
1 0.738671875 0.55 0.029296875 0.10078125
1 0.327734375 0.47265625 0.017578125 0.075
1 0.11953125 0.478125 0.022265625 0.0765625
1 0.728515625 0.52578125 0.02265625 0.0984375
1 0.105078125 0.4734375 0.019140625 0.0828125
1 0.066796875 0.48828125 0.015625 0.1
1 0.08125 0.49140625 0.021484375 0.109375
2 0.8 0.45703125 0.010546875 0.0296875