1 0.1359375 0.52109375 0.01953125 0.1
1 0.63203125 0.54140625 0.0234375 0.1078125
1 0.750390625 0.49453125 0.023046875 0.07890625
1 0.256640625 0.49375 0.022265625 0.07734375
1 0.18984375 0.5625 0.025 0.1171875
1 0.879296875 0.47265625 0.016015625 0.05625
1 0.453515625 0.471875 0.02265625 0.05546875
1 0.2953125 0.47109375 0.021484375 0.0703125
1 0.853515625 0.48125 0.013671875 0.0625
1 0.3921875 0.46484375 0.014453125 0.05546875
1 0.012890625 0.46640625 0.015625 0.08515625
1 0.48671875 0.465625 0.0203125 0.06640625
1 0.501953125 0.45390625 0.024609375 0.065625
1 0.44375 0.46484375 0.0125 0.05859375
1 0.46015625 0.465625 0.016796875 0.06953125
1 0.575 0.465625 0.0171875 0.07890625
1 0.605078125 0.453125 0.019921875 0.0640625
1 0.65390625 0.4890625 0.029296875 0.0890625
1 0.619921875 0.45859375 0.016015625 0.05625