1 0.926953125 0.54140625 0.0265625 0.12109375
1 0.484765625 0.4546875 0.019921875 0.08515625
1 0.437109375 0.45859375 0.018359375 0.07421875
1 0.69140625 0.7921875 0.055078125 0.265625
1 0.78046875 0.45703125 0.01796875 0.07578125
1 0.418359375 0.5484375 0.02578125 0.12890625
1 0.825 0.440625 0.019140625 0.065625
1 0.698828125 0.4234375 0.015234375 0.05390625
1 0.54296875 0.43125 0.015625 0.059375
1 0.980859375 0.44140625 0.0203125 0.0703125
1 0.921875 0.4359375 0.020703125 0.075
1 0.1375 0.44375 0.0203125 0.0703125
1 0.012109375 0.6328125 0.023828125 0.1828125
1 0.35703125 0.41640625 0.018359375 0.06640625
1 0.48125 0.4328125 0.01484375 0.0546875
1 0.64921875 0.41171875 0.015625 0.05625
2 0.359375 0.43125 0.01015625 0.02265625