1 0.97421875 0.55859375 0.025 0.13125
1 0.45390625 0.553125 0.025 0.128125
1 0.816796875 0.45859375 0.019921875 0.0703125
1 0.483984375 0.4640625 0.018359375 0.078125
1 0.1328125 0.446875 0.020703125 0.071875
1 0.4484375 0.4578125 0.016796875 0.0734375
1 0.848046875 0.44609375 0.017578125 0.065625
1 0.546875 0.43046875 0.0140625 0.05859375
1 0.37578125 0.415625 0.017578125 0.05
1 0.712109375 0.428125 0.016015625 0.05390625
1 0.93671875 0.43515625 0.019140625 0.0734375
1 0.013671875 0.63046875 0.0265625 0.1765625
1 0.4859375 0.44140625 0.016015625 0.06796875
1 0.665234375 0.41171875 0.01171875 0.04921875
1 0.675 0.84921875 0.07734375 0.3015625
0 0.237890625 0.403125 0.13203125 0.084375