1 0.855859375 0.52421875 0.022265625 0.09375
1 0.28828125 0.778125 0.0421875 0.18828125
1 0.24375 0.46640625 0.0171875 0.075
1 0.078515625 0.48125 0.01796875 0.0828125
1 0.269140625 0.4953125 0.026171875 0.084375
1 0.145703125 0.4625 0.01796875 0.078125
1 0.018359375 0.4921875 0.022265625 0.08125
1 0.885546875 0.5515625 0.02265625 0.10078125
1 0.107421875 0.47265625 0.019140625 0.0859375
1 0.46796875 0.5046875 0.02109375 0.0890625
1 0.7125 0.475 0.0203125 0.075
1 0.30546875 0.478125 0.017578125 0.0796875
1 0.35 0.47265625 0.0171875 0.0734375
1 0.33046875 0.4828125 0.018359375 0.0734375
1 0.289453125 0.49140625 0.01796875 0.07734375
1 0.22578125 0.48984375 0.015625 0.0859375
1 0.211328125 0.4796875 0.020703125 0.08671875
2 0.85390625 0.45625 0.01328125 0.02734375