1 0.38359375 0.45546875 0.02109375 0.075
1 0.626171875 0.5265625 0.02265625 0.103125
1 0.57109375 0.4875 0.027734375 0.0796875
1 0.551953125 0.4609375 0.021875 0.07421875
1 0.132421875 0.540625 0.02890625 0.1109375
1 0.46875 0.4671875 0.016015625 0.065625
1 0.11875 0.503125 0.01875 0.0828125
1 0.89453125 0.46640625 0.021875 0.08203125
1 0.29296875 0.46484375 0.02109375 0.08359375
1 0.018359375 0.4625 0.015625 0.06015625
1 0.450390625 0.4640625 0.017578125 0.06484375
1 0.723046875 0.48125 0.02421875 0.09921875
1 0.275390625 0.4703125 0.0234375 0.08828125
1 0.426171875 0.44453125 0.012890625 0.059375
1 0.49140625 0.44609375 0.018359375 0.05234375
1 0.478515625 0.4453125 0.01171875 0.053125
1 0.58046875 0.4546875 0.0171875 0.05703125
1 0.601953125 0.4421875 0.0140625 0.06171875
1 0.834375 0.47734375 0.01875 0.0796875