1 0.467578125 0.565625 0.026953125 0.14140625
1 0.484375 0.4671875 0.0203125 0.0796875
1 0.128125 0.45546875 0.022265625 0.0703125
1 0.847265625 0.45859375 0.021484375 0.0734375
1 0.45078125 0.45859375 0.017578125 0.07421875
1 0.63515625 0.9046875 0.064453125 0.18984375
1 0.9609375 0.440625 0.02421875 0.07890625
1 0.3796875 0.415625 0.015234375 0.06484375
1 0.479296875 0.4421875 0.016796875 0.0625
1 0.547265625 0.4296875 0.0171875 0.075
1 0.66953125 0.4125 0.01171875 0.05390625
1 0.7265625 0.43515625 0.017578125 0.06953125
1 0.86015625 0.4515625 0.018359375 0.08515625
2 0.368359375 0.4390625 0.009765625 0.021875
0 0.231640625 0.409375 0.136328125 0.0921875