1 0.933984375 0.53203125 0.031640625 0.09921875
1 0.3234375 0.778125 0.04140625 0.2046875
1 0.973046875 0.55859375 0.021875 0.103125
1 0.073828125 0.49453125 0.021484375 0.08671875
1 0.193359375 0.465625 0.02109375 0.0828125
1 0.352734375 0.496875 0.024609375 0.08515625
1 0.776171875 0.48046875 0.019140625 0.07890625
1 0.51796875 0.5015625 0.020703125 0.08828125
1 0.4046875 0.48671875 0.020703125 0.07734375
1 0.149609375 0.4828125 0.019921875 0.0890625
1 0.3890625 0.4828125 0.02109375 0.0796875
1 0.012109375 0.44296875 0.01953125 0.06796875
1 0.165234375 0.4703125 0.02109375 0.08984375
1 0.346484375 0.4875 0.021484375 0.0921875
1 0.2765625 0.48671875 0.021484375 0.09140625
1 0.305859375 0.490625 0.015625 0.06953125
1 0.28984375 0.4921875 0.016796875 0.0875
1 0.30625 0.4578125 0.016796875 0.0703125