1 0.472265625 0.57890625 0.0296875 0.1453125
1 0.4796875 0.46953125 0.021484375 0.07890625
1 0.8640625 0.459375 0.02265625 0.06796875
1 0.1390625 0.45625 0.025 0.07265625
1 0.569921875 0.9640625 0.049609375 0.071875
1 0.452734375 0.4640625 0.01640625 0.07578125
1 0.9875 0.4421875 0.024609375 0.07890625
1 0.743359375 0.43515625 0.016796875 0.06328125
1 0.3734375 0.42890625 0.0140625 0.0765625
1 0.471484375 0.4453125 0.013671875 0.07265625
1 0.547265625 0.434375 0.01953125 0.07265625
1 0.680078125 0.4171875 0.0125 0.05625
2 0.3640625 0.44375 0.009375 0.02421875