1 0.442578125 0.4984375 0.026171875 0.0828125
1 0.24609375 0.4625 0.0203125 0.08515625
1 0.128515625 0.490625 0.023046875 0.08203125
1 0.36171875 0.7828125 0.042578125 0.19453125
1 0.0609375 0.440625 0.01875 0.06640625
1 0.024609375 0.46484375 0.0203125 0.0578125
1 0.563671875 0.49609375 0.0203125 0.08359375
1 0.33359375 0.48984375 0.018359375 0.0828125
1 0.833203125 0.48125 0.017578125 0.075
1 0.46796875 0.4890625 0.0203125 0.078125
1 0.991015625 0.5359375 0.01796875 0.09296875
1 0.218359375 0.48125 0.02421875 0.08515625
1 0.370703125 0.46015625 0.01796875 0.06953125
1 0.4875 0.4796875 0.019140625 0.07421875
1 0.310546875 0.48984375 0.01796875 0.075
1 0.225 0.46640625 0.014453125 0.0796875
1 0.36015625 0.496875 0.012890625 0.06953125
1 0.35078125 0.484375 0.013671875 0.07578125