1 0.387109375 0.79609375 0.037890625 0.196875
1 0.175390625 0.4890625 0.02265625 0.08046875
1 0.0484375 0.4625 0.02109375 0.06015625
1 0.52578125 0.49609375 0.025 0.0890625
1 0.3828125 0.490625 0.020703125 0.0875
1 0.3515625 0.496875 0.020703125 0.0703125
1 0.59453125 0.49375 0.020703125 0.08671875
1 0.321875 0.4875 0.01796875 0.075
1 0.880078125 0.478125 0.0171875 0.07265625
1 0.566015625 0.48359375 0.01796875 0.08125
1 0.101171875 0.43671875 0.01953125 0.0671875
1 0.5515625 0.4984375 0.021484375 0.08046875
1 0.428515625 0.49765625 0.02265625 0.0703125
1 0.277734375 0.47890625 0.02734375 0.0921875
1 0.29140625 0.459375 0.01953125 0.07734375
1 0.422265625 0.4546875 0.01640625 0.06796875
2 0.921484375 0.4609375 0.012890625 0.025