1 0.43984375 0.59609375 0.033203125 0.15703125
1 0.454296875 0.47421875 0.01953125 0.08203125
1 0.848046875 0.46171875 0.019140625 0.07265625
1 0.12109375 0.46328125 0.020703125 0.0828125
1 0.434375 0.4640625 0.020703125 0.0859375
1 0.72734375 0.43984375 0.0203125 0.0734375
1 0.53046875 0.44375 0.015625 0.06328125
1 0.34140625 0.425 0.0140625 0.05703125
1 0.4421875 0.446875 0.015234375 0.071875
1 0.66953125 0.41875 0.0140625 0.06015625
1 0.827734375 0.45234375 0.016015625 0.06796875
1 0.991015625 0.4390625 0.017578125 0.08203125
2 0.331640625 0.44921875 0.00703125 0.01796875
0 0.18046875 0.41640625 0.148046875 0.09140625