1 0.559765625 0.4921875 0.025390625 0.10234375
1 0.06953125 0.50703125 0.023046875 0.10078125
1 0.925390625 0.47578125 0.023828125 0.0890625
1 0.494921875 0.4625 0.02421875 0.071875
1 0.0421875 0.48671875 0.022265625 0.0875
1 0.367578125 0.45234375 0.019140625 0.06328125
1 0.296875 0.4296875 0.021875 0.07421875
1 0.78671875 0.440625 0.01796875 0.05625
1 0.196875 0.45 0.015234375 0.07578125
1 0.609375 0.4375 0.019140625 0.065625
1 0.63671875 0.4640625 0.020703125 0.0703125
1 0.4015625 0.434375 0.01953125 0.05703125
1 0.45078125 0.4296875 0.01640625 0.05625
1 0.507421875 0.42265625 0.019140625 0.05703125
1 0.54765625 0.421875 0.014453125 0.04765625
1 0.62734375 0.43046875 0.016796875 0.0578125
1 0.208203125 0.4484375 0.018359375 0.078125
1 0.377734375 0.42265625 0.013671875 0.04921875
1 0.759375 0.44765625 0.01875 0.065625
2 0.662890625 0.446875 0.01328125 0.0234375