1 0.40859375 0.82734375 0.0375 0.2140625
1 0.213671875 0.48359375 0.019921875 0.0796875
1 0.3515625 0.5046875 0.02109375 0.07421875
1 0.918359375 0.47890625 0.01796875 0.0703125
1 0.1296875 0.43515625 0.01796875 0.06640625
1 0.06328125 0.46015625 0.01953125 0.06015625
1 0.634375 0.48359375 0.022265625 0.0734375
1 0.600390625 0.49296875 0.02578125 0.08515625
1 0.428515625 0.496875 0.019921875 0.0875
1 0.46328125 0.45546875 0.016796875 0.06328125
1 0.500390625 0.49765625 0.019921875 0.07265625
1 0.31875 0.46875 0.024609375 0.09375
1 0.610546875 0.48828125 0.016015625 0.09140625
1 0.33515625 0.484375 0.018359375 0.07578125