1 0.972265625 0.578125 0.033203125 0.14453125
1 0.390625 0.5953125 0.030078125 0.15390625
1 0.44375 0.471875 0.021875 0.08125
1 0.829296875 0.4609375 0.019140625 0.07578125
1 0.530078125 0.44765625 0.01796875 0.0703125
1 0.717578125 0.4390625 0.017578125 0.06484375
1 0.128125 0.46796875 0.01953125 0.08046875
1 0.3234375 0.42890625 0.01953125 0.06796875
1 0.6609375 0.43125 0.01875 0.06796875
1 0.987890625 0.45078125 0.022265625 0.07734375
1 0.417578125 0.44921875 0.014453125 0.0765625
1 0.432421875 0.47265625 0.016796875 0.10859375
1 0.8046875 0.45546875 0.01953125 0.078125
0 0.158984375 0.4140625 0.15546875 0.090625