1 0.9171875 0.571875 0.02890625 0.13984375
1 0.32265625 0.59609375 0.028125 0.15
1 0.437890625 0.47890625 0.02734375 0.0796875
1 0.39375 0.45859375 0.01953125 0.07421875
1 0.69921875 0.4453125 0.015625 0.0609375
1 0.78984375 0.4625 0.0203125 0.07734375
1 0.137109375 0.47265625 0.019921875 0.0828125
1 0.53203125 0.4515625 0.016796875 0.06796875
1 0.960546875 0.45390625 0.026953125 0.0859375
1 0.64609375 0.434375 0.01953125 0.0671875
1 0.2953125 0.4265625 0.01796875 0.06875
1 0.429296875 0.475 0.014453125 0.09453125
1 0.772265625 0.45859375 0.017578125 0.08828125
0 0.13203125 0.42421875 0.15625 0.0921875