1 0.497265625 0.49921875 0.023046875 0.10078125
1 0.85859375 0.478125 0.0296875 0.0890625
1 0.010546875 0.51328125 0.020703125 0.10390625
1 0.2765625 0.45703125 0.01953125 0.071875
1 0.105078125 0.46640625 0.0171875 0.07109375
1 0.57265625 0.46875 0.019140625 0.07265625
1 0.6 0.43984375 0.020703125 0.07265625
1 0.148046875 0.45625 0.0203125 0.07734375
1 0.22890625 0.440625 0.0203125 0.0765625
1 0.675390625 0.44296875 0.01875 0.05859375
1 0.34453125 0.4375 0.021484375 0.0671875
1 0.483984375 0.4640625 0.021484375 0.084375
1 0.7265625 0.44140625 0.0203125 0.06953125
1 0.643359375 0.44140625 0.017578125 0.05859375
1 0.312109375 0.44765625 0.017578125 0.05859375
1 0.394140625 0.4359375 0.017578125 0.05234375
1 0.32265625 0.4234375 0.014453125 0.05390625
1 0.479296875 0.4234375 0.01328125 0.05