1 0.66796875 0.49609375 0.0265625 0.0859375
1 0.07265625 0.45859375 0.019140625 0.05859375
1 0.23671875 0.490625 0.019921875 0.08203125
1 0.95078125 0.478125 0.019921875 0.07421875
1 0.15625 0.43515625 0.0171875 0.06484375
1 0.353515625 0.521875 0.0234375 0.0828125
1 0.694921875 0.48203125 0.017578125 0.07578125
1 0.564453125 0.49609375 0.022265625 0.0765625
1 0.409765625 0.85078125 0.041796875 0.21640625
1 0.4640625 0.49921875 0.02109375 0.0859375
1 0.50234375 0.45390625 0.016796875 0.0625
1 0.641796875 0.48984375 0.019140625 0.07890625
1 0.6203125 0.48203125 0.019140625 0.0859375
1 0.344140625 0.45859375 0.019921875 0.08203125
1 0.365625 0.47578125 0.024609375 0.090625
2 0.933203125 0.4578125 0.009375 0.02578125