1 0.437109375 0.50546875 0.0234375 0.103125
1 0.0125 0.52109375 0.025 0.0984375
1 0.225390625 0.45859375 0.019140625 0.06953125
1 0.455078125 0.42578125 0.01875 0.06015625
1 0.830078125 0.46484375 0.02890625 0.0796875
1 0.017578125 0.46171875 0.01953125 0.06640625
1 0.09921875 0.45 0.02109375 0.0765625
1 0.265234375 0.44296875 0.020703125 0.06640625
1 0.1578125 0.43515625 0.021875 0.075
1 0.5109375 0.45546875 0.023046875 0.08828125
1 0.340234375 0.4296875 0.019921875 0.05625
1 0.410546875 0.4203125 0.019140625 0.05078125
1 0.475390625 0.45546875 0.021484375 0.084375
1 0.617578125 0.43203125 0.025 0.0640625
1 0.640234375 0.42734375 0.015625 0.05859375
1 0.659765625 0.4359375 0.019921875 0.06875
2 0.715234375 0.46328125 0.013671875 0.01875