1 0.848046875 0.5625 0.02734375 0.1375
1 0.2265625 0.5921875 0.031640625 0.15390625
1 0.153125 0.46875 0.0234375 0.0890625
1 0.726953125 0.45703125 0.0203125 0.075
1 0.449609375 0.465625 0.014453125 0.08046875
1 0.977734375 0.45 0.019140625 0.06484375
1 0.5078125 0.45078125 0.018359375 0.0703125
1 0.642578125 0.440625 0.018359375 0.0625
1 0.36953125 0.44921875 0.016796875 0.06796875
1 0.88359375 0.44375 0.025390625 0.0796875
1 0.225390625 0.42578125 0.01796875 0.0671875
1 0.4375 0.4609375 0.016796875 0.08515625
2 0.238671875 0.453125 0.00859375 0.025