1 0.24609375 0.57109375 0.03203125 0.140625
1 0.805859375 0.5484375 0.026953125 0.13125
1 0.975 0.48359375 0.022265625 0.090625
1 0.70703125 0.446875 0.01796875 0.06953125
1 0.19921875 0.4609375 0.02109375 0.07421875
1 0.4625 0.4578125 0.020703125 0.07265625
1 0.381640625 0.44453125 0.020703125 0.06484375
1 0.9296875 0.44375 0.020703125 0.0625
1 0.6171875 0.4328125 0.016796875 0.05859375
1 0.5109375 0.44453125 0.0171875 0.0578125
1 0.83828125 0.43671875 0.019140625 0.06953125
1 0.5984375 0.425 0.019921875 0.065625
1 0.22734375 0.4203125 0.012890625 0.0546875
2 0.2421875 0.44296875 0.01328125 0.01875