1 0.47265625 0.465625 0.02421875 0.07265625
1 0.767578125 0.4859375 0.021875 0.08046875
1 0.41171875 0.71171875 0.02890625 0.14765625
1 0.409765625 0.59765625 0.025390625 0.1109375
1 0.726953125 0.478125 0.019140625 0.07578125
1 0.47578125 0.90078125 0.04453125 0.1890625
1 0.556640625 0.51640625 0.0203125 0.0875
1 0.345703125 0.45625 0.021484375 0.0765625
1 0.273828125 0.4953125 0.0203125 0.08515625
1 0.103515625 0.4515625 0.017578125 0.0703125
1 0.4453125 0.4578125 0.02265625 0.08203125
1 0.426953125 0.48515625 0.02109375 0.0734375
1 0.195703125 0.43125 0.02109375 0.07265625
1 0.59453125 0.45234375 0.0171875 0.0640625
1 0.64453125 0.48125 0.019921875 0.08125
1 0.7078125 0.50234375 0.020703125 0.08046875
1 0.6921875 0.484375 0.02265625 0.084375
2 0.921484375 0.45546875 0.012109375 0.021875