1 0.787890625 0.54140625 0.02890625 0.1265625
1 0.290234375 0.55078125 0.041015625 0.13125
1 0.487890625 0.4515625 0.012109375 0.065625
1 0.075 0.58828125 0.038671875 0.14453125
1 0.23515625 0.45078125 0.021484375 0.07890625
1 0.81171875 0.434375 0.021484375 0.06640625
1 0.906640625 0.4390625 0.019140625 0.07109375
1 0.520703125 0.4390625 0.01796875 0.06796875
1 0.69140625 0.43984375 0.01953125 0.06328125
1 0.391796875 0.434375 0.01796875 0.0609375
1 0.594921875 0.42421875 0.01640625 0.05546875
1 0.926953125 0.471875 0.02109375 0.08671875
1 0.7046875 0.4375 0.01171875 0.0671875
1 0.232421875 0.41328125 0.016796875 0.0484375
1 0.496875 0.44375 0.016796875 0.0796875
0 0.105078125 0.409375 0.14765625 0.07421875