1 0.771875 0.48125 0.02421875 0.07734375
1 0.390234375 0.64296875 0.026953125 0.125
1 0.426171875 0.63515625 0.02734375 0.12109375
1 0.4921875 0.45859375 0.02421875 0.07109375
1 0.562109375 0.5203125 0.021875 0.09375
1 0.280078125 0.49296875 0.02109375 0.08203125
1 0.33203125 0.4546875 0.02265625 0.075
1 0.1046875 0.45234375 0.019921875 0.06953125
1 0.716796875 0.48984375 0.025390625 0.07421875
1 0.6015625 0.44921875 0.020703125 0.065625
1 0.4515625 0.45390625 0.021484375 0.071875
1 0.740234375 0.47578125 0.019140625 0.0859375
1 0.642578125 0.478125 0.020703125 0.08046875
1 0.198046875 0.4265625 0.01953125 0.0703125
1 0.5203125 0.90546875 0.04375 0.18515625
1 0.413671875 0.478125 0.016796875 0.0796875