1 0.335546875 0.52109375 0.034375 0.11796875
1 0.26328125 0.44140625 0.021875 0.06484375
1 0.7765625 0.521875 0.02734375 0.11640625
1 0.144921875 0.54140625 0.027734375 0.1234375
1 0.514453125 0.434375 0.0234375 0.0640625
1 0.778515625 0.41796875 0.022265625 0.0734375
1 0.39609375 0.41796875 0.015625 0.05703125
1 0.6703125 0.42578125 0.01796875 0.065625
1 0.8765625 0.4515625 0.02109375 0.0765625
1 0.864453125 0.42109375 0.018359375 0.0609375
1 0.567578125 0.41328125 0.018359375 0.06015625
1 0.22890625 0.40078125 0.012109375 0.053125
1 0.56171875 0.40859375 0.0109375 0.05703125
1 0.68671875 0.425 0.0125 0.0640625
1 0.510546875 0.4125 0.0125 0.05859375
1 0.5203125 0.42421875 0.013671875 0.08125
0 0.108203125 0.3921875 0.130859375 0.07734375