1 0.440234375 0.5390625 0.0265625 0.1359375
1 0.096875 0.47734375 0.019921875 0.08671875
1 0.345703125 0.5234375 0.0234375 0.10078125
1 0.223828125 0.4703125 0.02578125 0.08984375
1 0.540234375 0.44921875 0.01796875 0.06484375
1 0.519921875 0.42265625 0.01484375 0.06484375
1 0.837109375 0.47265625 0.024609375 0.1109375
1 0.612890625 0.4375 0.01875 0.05390625
1 0.659375 0.41875 0.01640625 0.0625
1 0.29375 0.4328125 0.021875 0.09140625
1 0.832421875 0.459375 0.0234375 0.07734375
1 0.405078125 0.44765625 0.018359375 0.07109375
1 0.496484375 0.43984375 0.01875 0.07578125
1 0.212890625 0.4453125 0.0171875 0.07578125
1 0.3203125 0.425 0.01171875 0.06171875
1 0.580859375 0.42890625 0.0203125 0.07265625
1 0.36015625 0.4140625 0.01875 0.065625
1 0.417578125 0.428125 0.01640625 0.06015625
1 0.46171875 0.4109375 0.01484375 0.0484375