1 0.433984375 0.68359375 0.027734375 0.13359375
1 0.77578125 0.47578125 0.026171875 0.08125
1 0.07734375 0.4546875 0.018359375 0.075
1 0.550390625 0.53515625 0.021875 0.0984375
1 0.49296875 0.45546875 0.024609375 0.071875
1 0.592578125 0.44609375 0.021875 0.06640625
1 0.297265625 0.4546875 0.022265625 0.0796875
1 0.35625 0.5953125 0.02421875 0.115625
1 0.447265625 0.45234375 0.021484375 0.07421875
1 0.180859375 0.42890625 0.01953125 0.06640625
1 0.53984375 0.90703125 0.04296875 0.184375
1 0.267578125 0.49453125 0.02265625 0.0859375
1 0.62265625 0.475 0.0234375 0.08125
1 0.7171875 0.490625 0.020703125 0.0765625
1 0.382421875 0.4890625 0.021875 0.08671875
1 0.737109375 0.4828125 0.014453125 0.0765625
1 0.750390625 0.47578125 0.016015625 0.08671875