1 0.053125 0.45625 0.02109375 0.07578125
1 0.774609375 0.4734375 0.023828125 0.08125
1 0.4546875 0.7515625 0.033203125 0.15078125
1 0.491796875 0.4515625 0.021484375 0.06875
1 0.71875 0.4921875 0.01875 0.075
1 0.3234375 0.55859375 0.021875 0.1015625
1 0.249609375 0.49765625 0.021875 0.08359375
1 0.538671875 0.5453125 0.023046875 0.1046875
1 0.441015625 0.453125 0.01953125 0.0734375
1 0.16484375 0.4265625 0.018359375 0.06640625
1 0.754296875 0.48125 0.01953125 0.07734375
1 0.26640625 0.4546875 0.0234375 0.08125
1 0.576953125 0.44140625 0.02109375 0.065625
1 0.348828125 0.48671875 0.020703125 0.0765625
1 0.587109375 0.47890625 0.019921875 0.096875
1 0.518359375 0.896875 0.06328125 0.20625
2 0.81328125 0.446875 0.01015625 0.025