1 0.33671875 0.5109375 0.024609375 0.11640625
1 0.51171875 0.4328125 0.0203125 0.06328125
1 0.241015625 0.43984375 0.0234375 0.06875
1 0.758984375 0.515625 0.028515625 0.1140625
1 0.141015625 0.5265625 0.026171875 0.11875
1 0.987109375 0.43984375 0.025390625 0.084375
1 0.642578125 0.42421875 0.01640625 0.0578125
1 0.36796875 0.41953125 0.015625 0.05625
1 0.530078125 0.41015625 0.016796875 0.0578125
1 0.822265625 0.41640625 0.01796875 0.0609375
1 0.743359375 0.40859375 0.023046875 0.07109375
1 0.17890625 0.3984375 0.012109375 0.05234375
1 0.4734375 0.41796875 0.0140625 0.06875
1 0.662890625 0.41953125 0.015234375 0.06171875
1 0.83125 0.44765625 0.01640625 0.084375
0 0.058203125 0.390625 0.11640625 0.078125