1 0.1953125 0.44296875 0.0234375 0.07265625
1 0.31484375 0.51015625 0.025390625 0.1109375
1 0.9375 0.459375 0.023828125 0.075
1 0.10390625 0.521875 0.027734375 0.11328125
1 0.705859375 0.50625 0.025 0.11015625
1 0.48125 0.434375 0.020703125 0.0640625
1 0.31484375 0.4234375 0.018359375 0.05546875
1 0.59375 0.425 0.01875 0.05625
1 0.412109375 0.41796875 0.017578125 0.0625
1 0.91796875 0.43046875 0.0203125 0.07109375
1 0.978125 0.44296875 0.021484375 0.07109375
1 0.685546875 0.409375 0.0203125 0.065625
1 0.4625 0.4296875 0.018359375 0.06953125
1 0.46640625 0.40234375 0.012109375 0.0484375
1 0.1015625 0.39921875 0.01328125 0.04921875
1 0.619921875 0.41953125 0.015234375 0.0640625
1 0.7640625 0.4109375 0.01328125 0.0578125
1 0.772265625 0.44375 0.01953125 0.0828125
0 0.01328125 0.3921875 0.026171875 0.08515625