1 0.54140625 0.459375 0.030078125 0.11875
1 0.038671875 0.43828125 0.025390625 0.09921875
1 0.410546875 0.37421875 0.01796875 0.06875
1 0.79609375 0.33515625 0.016796875 0.05390625
1 0.541796875 0.33203125 0.014453125 0.05859375
1 0.664453125 0.334375 0.015234375 0.05234375
1 0.48359375 0.34453125 0.016796875 0.053125
1 0.56953125 0.3625 0.018359375 0.059375
1 0.6453125 0.35625 0.016015625 0.0609375
1 0.3875 0.38125 0.0265625 0.05859375
1 0.41640625 0.35234375 0.024609375 0.06328125
1 0.523046875 0.434375 0.026953125 0.10546875
1 0.5203125 0.33046875 0.015625 0.04609375
1 0.5515625 0.32109375 0.01328125 0.034375
1 0.577734375 0.34296875 0.01640625 0.0484375
1 0.619921875 0.31953125 0.012890625 0.03984375
1 0.68515625 0.33984375 0.009765625 0.046875
1 0.780859375 0.38671875 0.015625 0.07265625
1 0.774609375 0.334375 0.013671875 0.06875
1 0.658203125 0.3359375 0.0140625 0.05390625
0 0.16015625 0.31875 0.10546875 0.05625