1 0.212109375 0.4015625 0.026171875 0.08359375
1 0.5390625 0.4078125 0.026171875 0.07578125
1 0.845703125 0.36484375 0.02421875 0.0671875
1 0.785546875 0.31953125 0.018359375 0.0484375
1 0.601953125 0.43515625 0.03046875 0.11953125
1 0.45390625 0.3515625 0.019140625 0.0484375
1 0.732421875 0.3328125 0.015625 0.05859375
1 0.405078125 0.3078125 0.011328125 0.03046875
1 0.9 0.3265625 0.013671875 0.0421875
1 0.5765625 0.31875 0.012109375 0.04296875
1 0.631640625 0.3390625 0.021484375 0.0609375
1 0.490625 0.32890625 0.02265625 0.06953125
1 0.5109375 0.3484375 0.021875 0.07265625
1 0.671875 0.3265625 0.020703125 0.06015625
1 0.677734375 0.3015625 0.016796875 0.04765625
1 0.9484375 0.3171875 0.022265625 0.0609375
1 0.633984375 0.3078125 0.015625 0.04609375
2 0.623046875 0.3984375 0.01015625 0.03125
0 0.340625 0.290625 0.08515625 0.05625