1 0.809375 0.48984375 0.02109375 0.07890625
1 0.77890625 0.47421875 0.019140625 0.08203125
1 0.99140625 0.4546875 0.0171875 0.065625
1 0.540625 0.56953125 0.021875 0.1078125
1 0.245703125 0.49921875 0.02109375 0.084375
1 0.7421875 0.48984375 0.017578125 0.0734375
1 0.22421875 0.4578125 0.0203125 0.075
1 0.568359375 0.434375 0.01640625 0.06015625
1 0.296875 0.47890625 0.020703125 0.06875
1 0.510546875 0.45 0.017578125 0.065625
1 0.281640625 0.51015625 0.01953125 0.08203125
1 0.455078125 0.45546875 0.019921875 0.06875
1 0.0140625 0.4609375 0.018359375 0.078125
1 0.47890625 0.9078125 0.044140625 0.18203125
1 0.61640625 0.93125 0.046875 0.1296875
1 0.15234375 0.42734375 0.019140625 0.0703125
1 0.544140625 0.48125 0.019921875 0.0875