1 0.874609375 0.471875 0.0234375 0.07578125
1 0.11171875 0.4640625 0.023046875 0.08046875
1 0.261328125 0.5328125 0.030859375 0.11953125
1 0.024609375 0.54375 0.029296875 0.11953125
1 0.23359375 0.43984375 0.01953125 0.05703125
1 0.654296875 0.51171875 0.024609375 0.10859375
1 0.53046875 0.43984375 0.018359375 0.06796875
1 0.320703125 0.4328125 0.016015625 0.06171875
1 0.396484375 0.44765625 0.020703125 0.0734375
1 0.41875 0.45234375 0.017578125 0.0703125
1 0.384765625 0.43046875 0.01640625 0.0625
1 0.909375 0.45625 0.01796875 0.0671875
1 0.56171875 0.4421875 0.016796875 0.06484375
1 0.628515625 0.4265625 0.019140625 0.06796875
1 0.713671875 0.42890625 0.016796875 0.04609375
1 0.716796875 0.45703125 0.0171875 0.07734375
1 0.859765625 0.43984375 0.017578125 0.071875