1 0.62265625 0.42890625 0.038671875 0.11484375
1 0.968359375 0.38359375 0.02734375 0.0890625
1 0.34140625 0.38203125 0.023046875 0.07578125
1 0.805859375 0.34296875 0.016796875 0.071875
1 0.460546875 0.359375 0.016796875 0.05625
1 0.916796875 0.328125 0.014453125 0.04921875
1 0.557421875 0.35234375 0.019140625 0.0546875
1 0.69375 0.315625 0.012890625 0.03515625
1 0.51015625 0.37734375 0.019140625 0.0625
1 0.866015625 0.32890625 0.012890625 0.04375
1 0.528515625 0.32421875 0.010546875 0.040625
1 0.638671875 0.33984375 0.02421875 0.06796875
1 0.7375 0.3328125 0.014453125 0.05546875
1 0.72578125 0.3109375 0.01640625 0.06171875
1 0.48203125 0.3 0.01328125 0.05859375
1 0.780078125 0.30546875 0.012890625 0.04609375
1 0.847265625 0.3078125 0.017578125 0.0546875
1 0.884765625 0.3125 0.016796875 0.0609375
2 0.436328125 0.40859375 0.0125 0.028125
0 0.43671875 0.28515625 0.075390625 0.05546875