1 0.191796875 0.546875 0.03984375 0.13046875
1 0.950390625 0.57109375 0.03125 0.14765625
1 0.465625 0.4421875 0.016015625 0.06328125
1 0.58359375 0.51640625 0.02421875 0.109375
1 0.146484375 0.44921875 0.019921875 0.06640625
1 0.839453125 0.471875 0.019921875 0.075
1 0.346875 0.4625 0.014453125 0.0734375
1 0.009765625 0.47890625 0.01953125 0.090625
1 0.289453125 0.4390625 0.012890625 0.0609375
1 0.6296875 0.4359375 0.0203125 0.065625
1 0.578125 0.43515625 0.0234375 0.08046875
1 0.496484375 0.44765625 0.016796875 0.06171875
1 0.330078125 0.45703125 0.01953125 0.078125
1 0.224609375 0.440625 0.013671875 0.06953125
1 0.66171875 0.46875 0.0234375 0.0890625
1 0.778515625 0.44296875 0.015625 0.0640625
1 0.83984375 0.43515625 0.0171875 0.06015625
1 0.299609375 0.43359375 0.013671875 0.07109375