1 0.112890625 0.56953125 0.037890625 0.14921875
1 0.923046875 0.58671875 0.0328125 0.1546875
1 0.830078125 0.47421875 0.020703125 0.08203125
1 0.278515625 0.47578125 0.01953125 0.084375
1 0.096484375 0.459375 0.02265625 0.07734375
1 0.259765625 0.4703125 0.023828125 0.0921875
1 0.04375 0.4671875 0.019140625 0.0734375
1 0.195703125 0.44765625 0.01953125 0.0671875
1 0.50078125 0.52578125 0.02578125 0.1125
1 0.55546875 0.4453125 0.022265625 0.0734375
1 0.612890625 0.471875 0.019140625 0.07890625
1 0.73125 0.45 0.019921875 0.06953125
1 0.450390625 0.4578125 0.01796875 0.06484375
1 0.212890625 0.44765625 0.0171875 0.08046875
1 0.4125 0.4453125 0.019140625 0.0765625
1 0.78671875 0.453125 0.01875 0.08828125