1 0.583203125 0.45859375 0.03984375 0.13046875
1 0.576953125 0.36796875 0.01953125 0.0625
1 0.319140625 0.41328125 0.0359375 0.07578125
1 0.4390625 0.4109375 0.023828125 0.0796875
1 0.895703125 0.3515625 0.019140625 0.05859375
1 0.81328125 0.38359375 0.019140625 0.06875
1 0.746875 0.353125 0.014453125 0.05
1 0.51953125 0.375 0.022265625 0.06171875
1 0.716015625 0.340625 0.015625 0.04140625
1 0.407421875 0.38984375 0.019140625 0.05703125
1 0.76796875 0.33828125 0.0140625 0.04921875
1 0.63984375 0.34375 0.015234375 0.05234375
1 0.929296875 0.3375 0.014453125 0.05625
1 0.99296875 0.35625 0.013671875 0.06171875
1 0.502734375 0.35859375 0.0203125 0.06171875
1 0.496875 0.3171875 0.01484375 0.053125
1 0.83515625 0.3296875 0.01015625 0.05234375
1 0.822265625 0.35 0.019140625 0.0671875
1 0.941015625 0.334375 0.012890625 0.06171875
2 0.292578125 0.43203125 0.014453125 0.03125